7800, 390, 30, 30, 12, 0, 
7860, 390, 30, 30, 4, 102, 
7890, 390, 30, 30, 4, 102, 
7920, 390, 30, 30, 4, 102, 
7950, 390, 30, 30, 4, 102, 
7980, 390, 30, 30, 4, 102, 
8010, 390, 30, 30, 5, 0, 
7800, 420, 30, 30, 12, 0, 
7860, 420, 30, 30, 4, 102, 
7890, 420, 30, 30, 4, 102, 
7920, 420, 30, 30, 4, 102, 
7950, 420, 30, 30, 4, 102, 
7980, 420, 30, 30, 4, 102, 
8010, 420, 30, 30, 5, 0, 
7800, 450, 30, 30, 12, 0, 
7860, 450, 30, 30, 4, 102, 
7890, 450, 30, 30, 4, 102, 
7920, 450, 30, 30, 4, 102, 
7950, 450, 30, 30, 4, 102, 
7980, 450, 30, 30, 4, 102, 
8010, 450, 30, 30, 5, 0, 
120, 660, 30, 30, 0, 0, 
150, 660, 30, 30, 4, 100, 
180, 660, 30, 30, 4, 100, 
210, 660, 30, 30, 4, 100, 
240, 660, 30, 30, 4, 100, 
270, 660, 30, 30, 4, 100, 
330, 660, 30, 30, 10, 0, 
120, 690, 30, 30, 0, 0, 
150, 690, 30, 30, 4, 100, 
180, 690, 30, 30, 4, 100, 
210, 690, 30, 30, 4, 100, 
240, 690, 30, 30, 4, 100, 
270, 690, 30, 30, 4, 100, 
330, 690, 30, 30, 10, 0, 
120, 720, 30, 30, 0, 0, 
150, 720, 30, 30, 4, 100, 
180, 720, 30, 30, 4, 100, 
210, 720, 30, 30, 4, 100, 
240, 720, 30, 30, 4, 100, 
270, 720, 30, 30, 4, 100, 
330, 720, 30, 30, 10, 0, 
30, 330, 30, 15, 1, 0, 
30, 795, 30, 15, 3, 0, 
30, 337, 30, 457, 2, 0, 
30, 1350, 30, 15, 1, 0, 
30, 1365, 30, 15, 3, 0, 
30, 1357, 30, 7, 2, 0, 
60, 330, 30, 15, 1, 0, 
60, 795, 30, 15, 3, 0, 
60, 337, 30, 457, 2, 0, 
90, 330, 30, 15, 1, 0, 
90, 795, 30, 15, 3, 0, 
90, 337, 30, 457, 2, 0, 
120, 630, 30, 15, 1, 0, 
120, 645, 30, 15, 3, 0, 
120, 637, 30, 7, 2, 0, 
120, 750, 30, 15, 1, 0, 
120, 795, 30, 15, 3, 0, 
120, 757, 30, 37, 2, 0, 
150, 630, 30, 15, 1, 0, 
150, 645, 30, 15, 3, 0, 
150, 637, 30, 7, 2, 0, 
150, 750, 30, 15, 1, 0, 
150, 795, 30, 15, 3, 0, 
150, 757, 30, 37, 2, 0, 
180, 630, 30, 15, 1, 0, 
180, 645, 30, 15, 3, 0, 
180, 637, 30, 7, 2, 0, 
180, 750, 30, 15, 1, 0, 
180, 795, 30, 15, 3, 0, 
180, 757, 30, 37, 2, 0, 
210, 630, 30, 15, 1, 0, 
210, 645, 30, 15, 3, 0, 
210, 637, 30, 7, 2, 0, 
210, 750, 30, 15, 1, 0, 
210, 795, 30, 15, 3, 0, 
210, 757, 30, 37, 2, 0, 
240, 630, 30, 15, 1, 0, 
240, 645, 30, 15, 3, 0, 
240, 637, 30, 7, 2, 0, 
240, 750, 30, 15, 1, 0, 
240, 795, 30, 15, 3, 0, 
240, 757, 30, 37, 2, 0, 
270, 630, 30, 15, 1, 0, 
270, 645, 30, 15, 3, 0, 
270, 637, 30, 7, 2, 0, 
270, 750, 30, 15, 1, 0, 
270, 795, 30, 15, 3, 0, 
270, 757, 30, 37, 2, 0, 
300, 630, 30, 15, 1, 0, 
300, 645, 30, 15, 3, 0, 
300, 637, 30, 7, 2, 0, 
300, 750, 30, 15, 1, 0, 
300, 795, 30, 15, 3, 0, 
300, 757, 30, 37, 2, 0, 
330, 630, 30, 15, 1, 0, 
330, 645, 30, 15, 3, 0, 
330, 637, 30, 7, 2, 0, 
330, 750, 30, 15, 1, 0, 
330, 795, 30, 15, 3, 0, 
330, 757, 30, 37, 2, 0, 
360, 630, 30, 15, 1, 0, 
360, 645, 30, 15, 3, 0, 
360, 637, 30, 7, 2, 0, 
360, 750, 30, 15, 1, 0, 
360, 795, 30, 15, 3, 0, 
360, 757, 30, 37, 2, 0, 
390, 750, 30, 15, 1, 0, 
390, 795, 30, 15, 3, 0, 
390, 757, 30, 37, 2, 0, 
420, 750, 30, 15, 1, 0, 
420, 795, 30, 15, 3, 0, 
420, 757, 30, 37, 2, 0, 
450, 750, 30, 15, 1, 0, 
450, 795, 30, 15, 3, 0, 
450, 757, 30, 37, 2, 0, 
480, 750, 30, 15, 1, 0, 
480, 795, 30, 15, 3, 0, 
480, 757, 30, 37, 2, 0, 
510, 750, 30, 15, 1, 0, 
510, 795, 30, 15, 3, 0, 
510, 757, 30, 37, 2, 0, 
540, 750, 30, 15, 1, 0, 
540, 795, 30, 15, 3, 0, 
540, 757, 30, 37, 2, 0, 
570, 750, 30, 15, 1, 0, 
570, 795, 30, 15, 3, 0, 
570, 757, 30, 37, 2, 0, 
600, 750, 30, 15, 1, 0, 
600, 795, 30, 15, 3, 0, 
600, 757, 30, 37, 2, 0, 
630, 750, 30, 15, 1, 0, 
630, 795, 30, 15, 3, 0, 
630, 757, 30, 37, 2, 0, 
660, 750, 30, 15, 1, 0, 
660, 795, 30, 15, 3, 0, 
660, 757, 30, 37, 2, 0, 
690, 750, 30, 15, 1, 0, 
690, 795, 30, 15, 3, 0, 
690, 757, 30, 37, 2, 0, 
720, 750, 30, 15, 1, 0, 
720, 795, 30, 15, 3, 0, 
720, 757, 30, 37, 2, 0, 
750, 750, 30, 15, 1, 0, 
750, 795, 30, 15, 3, 0, 
750, 757, 30, 37, 2, 0, 
780, 750, 30, 15, 1, 0, 
780, 795, 30, 15, 3, 0, 
780, 757, 30, 37, 2, 0, 
810, 750, 30, 15, 1, 0, 
810, 795, 30, 15, 3, 0, 
810, 757, 30, 37, 2, 0, 
840, 750, 30, 15, 1, 0, 
840, 795, 30, 15, 3, 0, 
840, 757, 30, 37, 2, 0, 
870, 600, 30, 15, 1, 0, 
870, 615, 30, 15, 3, 0, 
870, 607, 30, 7, 2, 0, 
870, 750, 30, 15, 1, 0, 
870, 795, 30, 15, 3, 0, 
870, 757, 30, 37, 2, 0, 
900, 750, 30, 15, 1, 0, 
900, 795, 30, 15, 3, 0, 
900, 757, 30, 37, 2, 0, 
930, 750, 30, 15, 1, 0, 
930, 795, 30, 15, 3, 0, 
930, 757, 30, 37, 2, 0, 
960, 750, 30, 15, 1, 0, 
960, 795, 30, 15, 3, 0, 
960, 757, 30, 37, 2, 0, 
990, 750, 30, 15, 1, 0, 
990, 795, 30, 15, 3, 0, 
990, 757, 30, 37, 2, 0, 
1020, 600, 30, 15, 1, 0, 
1020, 615, 30, 15, 3, 0, 
1020, 607, 30, 7, 2, 0, 
1020, 750, 30, 15, 1, 0, 
1020, 795, 30, 15, 3, 0, 
1020, 757, 30, 37, 2, 0, 
1050, 600, 30, 15, 1, 0, 
1050, 615, 30, 15, 3, 0, 
1050, 607, 30, 7, 2, 0, 
1050, 750, 30, 15, 1, 0, 
1050, 795, 30, 15, 3, 0, 
1050, 757, 30, 37, 2, 0, 
1080, 510, 30, 15, 1, 0, 
1080, 525, 30, 15, 3, 0, 
1080, 517, 30, 7, 2, 0, 
1080, 600, 30, 15, 1, 0, 
1080, 615, 30, 15, 3, 0, 
1080, 607, 30, 7, 2, 0, 
1080, 750, 30, 15, 1, 0, 
1080, 795, 30, 15, 3, 0, 
1080, 757, 30, 37, 2, 0, 
1110, 600, 30, 15, 1, 0, 
1110, 615, 30, 15, 3, 0, 
1110, 607, 30, 7, 2, 0, 
1110, 750, 30, 15, 1, 0, 
1110, 795, 30, 15, 3, 0, 
1110, 757, 30, 37, 2, 0, 
1140, 600, 30, 15, 1, 0, 
1140, 615, 30, 15, 3, 0, 
1140, 607, 30, 7, 2, 0, 
1140, 750, 30, 15, 1, 0, 
1140, 795, 30, 15, 3, 0, 
1140, 757, 30, 37, 2, 0, 
1170, 750, 30, 15, 1, 0, 
1170, 795, 30, 15, 3, 0, 
1170, 757, 30, 37, 2, 0, 
1200, 750, 30, 15, 1, 0, 
1200, 795, 30, 15, 3, 0, 
1200, 757, 30, 37, 2, 0, 
1230, 750, 30, 15, 1, 0, 
1230, 795, 30, 15, 3, 0, 
1230, 757, 30, 37, 2, 0, 
1260, 750, 30, 15, 1, 0, 
1260, 795, 30, 15, 3, 0, 
1260, 757, 30, 37, 2, 0, 
1290, 690, 30, 15, 1, 0, 
1290, 795, 30, 15, 3, 0, 
1290, 697, 30, 97, 2, 0, 
1320, 690, 30, 15, 1, 0, 
1320, 795, 30, 15, 3, 0, 
1320, 697, 30, 97, 2, 0, 
1350, 750, 30, 15, 1, 0, 
1350, 795, 30, 15, 3, 0, 
1350, 757, 30, 37, 2, 0, 
1380, 750, 30, 15, 1, 0, 
1380, 795, 30, 15, 3, 0, 
1380, 757, 30, 37, 2, 0, 
1410, 750, 30, 15, 1, 0, 
1410, 795, 30, 15, 3, 0, 
1410, 757, 30, 37, 2, 0, 
1440, 750, 30, 15, 1, 0, 
1440, 795, 30, 15, 3, 0, 
1440, 757, 30, 37, 2, 0, 
1470, 750, 30, 15, 1, 0, 
1470, 795, 30, 15, 3, 0, 
1470, 757, 30, 37, 2, 0, 
1500, 750, 30, 15, 1, 0, 
1500, 795, 30, 15, 3, 0, 
1500, 757, 30, 37, 2, 0, 
1530, 750, 30, 15, 1, 0, 
1530, 795, 30, 15, 3, 0, 
1530, 757, 30, 37, 2, 0, 
1560, 750, 30, 15, 1, 0, 
1560, 795, 30, 15, 3, 0, 
1560, 757, 30, 37, 2, 0, 
1590, 750, 30, 15, 1, 0, 
1590, 795, 30, 15, 3, 0, 
1590, 757, 30, 37, 2, 0, 
1620, 750, 30, 15, 1, 0, 
1620, 795, 30, 15, 3, 0, 
1620, 757, 30, 37, 2, 0, 
1650, 750, 30, 15, 1, 0, 
1650, 795, 30, 15, 3, 0, 
1650, 757, 30, 37, 2, 0, 
1680, 750, 30, 15, 1, 0, 
1680, 795, 30, 15, 3, 0, 
1680, 757, 30, 37, 2, 0, 
1710, 660, 30, 15, 1, 0, 
1710, 795, 30, 15, 3, 0, 
1710, 667, 30, 127, 2, 0, 
1740, 660, 30, 15, 1, 0, 
1740, 795, 30, 15, 3, 0, 
1740, 667, 30, 127, 2, 0, 
1770, 750, 30, 15, 1, 0, 
1770, 795, 30, 15, 3, 0, 
1770, 757, 30, 37, 2, 0, 
1800, 750, 30, 15, 1, 0, 
1800, 795, 30, 15, 3, 0, 
1800, 757, 30, 37, 2, 0, 
1830, 750, 30, 15, 1, 0, 
1830, 795, 30, 15, 3, 0, 
1830, 757, 30, 37, 2, 0, 
1860, 750, 30, 15, 1, 0, 
1860, 795, 30, 15, 3, 0, 
1860, 757, 30, 37, 2, 0, 
1890, 750, 30, 15, 1, 0, 
1890, 795, 30, 15, 3, 0, 
1890, 757, 30, 37, 2, 0, 
1920, 750, 30, 15, 1, 0, 
1920, 795, 30, 15, 3, 0, 
1920, 757, 30, 37, 2, 0, 
1950, 750, 30, 15, 1, 0, 
1950, 795, 30, 15, 3, 0, 
1950, 757, 30, 37, 2, 0, 
1980, 750, 30, 15, 1, 0, 
1980, 795, 30, 15, 3, 0, 
1980, 757, 30, 37, 2, 0, 
2010, 630, 30, 15, 1, 0, 
2010, 795, 30, 15, 3, 0, 
2010, 637, 30, 157, 2, 0, 
2040, 630, 30, 15, 1, 0, 
2040, 795, 30, 15, 3, 0, 
2040, 637, 30, 157, 2, 0, 
2070, 750, 30, 15, 1, 0, 
2070, 795, 30, 15, 3, 0, 
2070, 757, 30, 37, 2, 0, 
2100, 750, 30, 15, 1, 0, 
2100, 795, 30, 15, 3, 0, 
2100, 757, 30, 37, 2, 0, 
2130, 750, 30, 15, 1, 0, 
2130, 795, 30, 15, 3, 0, 
2130, 757, 30, 37, 2, 0, 
2160, 750, 30, 15, 1, 0, 
2160, 795, 30, 15, 3, 0, 
2160, 757, 30, 37, 2, 0, 
2190, 750, 30, 15, 1, 0, 
2190, 795, 30, 15, 3, 0, 
2190, 757, 30, 37, 2, 0, 
2220, 750, 30, 15, 1, 0, 
2220, 795, 30, 15, 3, 0, 
2220, 757, 30, 37, 2, 0, 
2250, 750, 30, 15, 1, 0, 
2250, 795, 30, 15, 3, 0, 
2250, 757, 30, 37, 2, 0, 
2280, 750, 30, 15, 1, 0, 
2280, 795, 30, 15, 3, 0, 
2280, 757, 30, 37, 2, 0, 
2310, 750, 30, 15, 1, 0, 
2310, 795, 30, 15, 3, 0, 
2310, 757, 30, 37, 2, 0, 
2340, 750, 30, 15, 1, 0, 
2340, 795, 30, 15, 3, 0, 
2340, 757, 30, 37, 2, 0, 
2370, 630, 30, 15, 1, 0, 
2370, 795, 30, 15, 3, 0, 
2370, 637, 30, 157, 2, 0, 
2400, 630, 30, 15, 1, 0, 
2400, 795, 30, 15, 3, 0, 
2400, 637, 30, 157, 2, 0, 
2430, 750, 30, 15, 1, 0, 
2430, 795, 30, 15, 3, 0, 
2430, 757, 30, 37, 2, 0, 
2460, 750, 30, 15, 1, 0, 
2460, 795, 30, 15, 3, 0, 
2460, 757, 30, 37, 2, 0, 
2490, 750, 30, 15, 1, 0, 
2490, 795, 30, 15, 3, 0, 
2490, 757, 30, 37, 2, 0, 
2520, 750, 30, 15, 1, 0, 
2520, 795, 30, 15, 3, 0, 
2520, 757, 30, 37, 2, 0, 
2550, 750, 30, 15, 1, 0, 
2550, 795, 30, 15, 3, 0, 
2550, 757, 30, 37, 2, 0, 
2580, 750, 30, 15, 1, 0, 
2580, 795, 30, 15, 3, 0, 
2580, 757, 30, 37, 2, 0, 
2610, 750, 30, 15, 1, 0, 
2610, 795, 30, 15, 3, 0, 
2610, 757, 30, 37, 2, 0, 
2640, 750, 30, 15, 1, 0, 
2640, 795, 30, 15, 3, 0, 
2640, 757, 30, 37, 2, 0, 
2670, 750, 30, 15, 1, 0, 
2670, 795, 30, 15, 3, 0, 
2670, 757, 30, 37, 2, 0, 
2700, 750, 30, 15, 1, 0, 
2700, 795, 30, 15, 3, 0, 
2700, 757, 30, 37, 2, 0, 
2820, 750, 30, 15, 1, 0, 
2820, 795, 30, 15, 3, 0, 
2820, 757, 30, 37, 2, 0, 
2850, 750, 30, 15, 1, 0, 
2850, 795, 30, 15, 3, 0, 
2850, 757, 30, 37, 2, 0, 
2880, 750, 30, 15, 1, 0, 
2880, 795, 30, 15, 3, 0, 
2880, 757, 30, 37, 2, 0, 
2910, 750, 30, 15, 1, 0, 
2910, 795, 30, 15, 3, 0, 
2910, 757, 30, 37, 2, 0, 
2940, 750, 30, 15, 1, 0, 
2940, 795, 30, 15, 3, 0, 
2940, 757, 30, 37, 2, 0, 
2970, 750, 30, 15, 1, 0, 
2970, 795, 30, 15, 3, 0, 
2970, 757, 30, 37, 2, 0, 
3000, 630, 30, 15, 1, 0, 
3000, 645, 30, 15, 3, 0, 
3000, 637, 30, 7, 2, 0, 
3000, 750, 30, 15, 1, 0, 
3000, 795, 30, 15, 3, 0, 
3000, 757, 30, 37, 2, 0, 
3030, 630, 30, 15, 1, 0, 
3030, 645, 30, 15, 3, 0, 
3030, 637, 30, 7, 2, 0, 
3030, 750, 30, 15, 1, 0, 
3030, 795, 30, 15, 3, 0, 
3030, 757, 30, 37, 2, 0, 
3060, 630, 30, 15, 1, 0, 
3060, 645, 30, 15, 3, 0, 
3060, 637, 30, 7, 2, 0, 
3060, 750, 30, 15, 1, 0, 
3060, 795, 30, 15, 3, 0, 
3060, 757, 30, 37, 2, 0, 
3090, 510, 30, 15, 1, 0, 
3090, 525, 30, 15, 3, 0, 
3090, 517, 30, 7, 2, 0, 
3090, 750, 30, 15, 1, 0, 
3090, 795, 30, 15, 3, 0, 
3090, 757, 30, 37, 2, 0, 
3120, 510, 30, 15, 1, 0, 
3120, 525, 30, 15, 3, 0, 
3120, 517, 30, 7, 2, 0, 
3120, 750, 30, 15, 1, 0, 
3120, 795, 30, 15, 3, 0, 
3120, 757, 30, 37, 2, 0, 
3150, 510, 30, 15, 1, 0, 
3150, 525, 30, 15, 3, 0, 
3150, 517, 30, 7, 2, 0, 
3150, 750, 30, 15, 1, 0, 
3150, 795, 30, 15, 3, 0, 
3150, 757, 30, 37, 2, 0, 
3180, 510, 30, 15, 1, 0, 
3180, 525, 30, 15, 3, 0, 
3180, 517, 30, 7, 2, 0, 
3180, 750, 30, 15, 1, 0, 
3180, 795, 30, 15, 3, 0, 
3180, 757, 30, 37, 2, 0, 
3210, 510, 30, 15, 1, 0, 
3210, 525, 30, 15, 3, 0, 
3210, 517, 30, 7, 2, 0, 
3210, 750, 30, 15, 1, 0, 
3210, 795, 30, 15, 3, 0, 
3210, 757, 30, 37, 2, 0, 
3240, 510, 30, 15, 1, 0, 
3240, 525, 30, 15, 3, 0, 
3240, 517, 30, 7, 2, 0, 
3240, 750, 30, 15, 1, 0, 
3240, 795, 30, 15, 3, 0, 
3240, 757, 30, 37, 2, 0, 
3270, 510, 30, 15, 1, 0, 
3270, 525, 30, 15, 3, 0, 
3270, 517, 30, 7, 2, 0, 
3270, 750, 30, 15, 1, 0, 
3270, 795, 30, 15, 3, 0, 
3270, 757, 30, 37, 2, 0, 
3300, 510, 30, 15, 1, 0, 
3300, 525, 30, 15, 3, 0, 
3300, 517, 30, 7, 2, 0, 
3300, 750, 30, 15, 1, 0, 
3300, 795, 30, 15, 3, 0, 
3300, 757, 30, 37, 2, 0, 
3330, 510, 30, 15, 1, 0, 
3330, 525, 30, 15, 3, 0, 
3330, 517, 30, 7, 2, 0, 
3330, 750, 30, 15, 1, 0, 
3330, 795, 30, 15, 3, 0, 
3330, 757, 30, 37, 2, 0, 
3360, 510, 30, 15, 1, 0, 
3360, 525, 30, 15, 3, 0, 
3360, 517, 30, 7, 2, 0, 
3390, 510, 30, 15, 1, 0, 
3390, 525, 30, 15, 3, 0, 
3390, 517, 30, 7, 2, 0, 
3420, 510, 30, 15, 1, 0, 
3420, 525, 30, 15, 3, 0, 
3420, 517, 30, 7, 2, 0, 
3450, 510, 30, 15, 1, 0, 
3450, 525, 30, 15, 3, 0, 
3450, 517, 30, 7, 2, 0, 
3480, 510, 30, 15, 1, 0, 
3480, 525, 30, 15, 3, 0, 
3480, 517, 30, 7, 2, 0, 
3480, 750, 30, 15, 1, 0, 
3480, 795, 30, 15, 3, 0, 
3480, 757, 30, 37, 2, 0, 
3510, 510, 30, 15, 1, 0, 
3510, 525, 30, 15, 3, 0, 
3510, 517, 30, 7, 2, 0, 
3510, 750, 30, 15, 1, 0, 
3510, 795, 30, 15, 3, 0, 
3510, 757, 30, 37, 2, 0, 
3540, 750, 30, 15, 1, 0, 
3540, 795, 30, 15, 3, 0, 
3540, 757, 30, 37, 2, 0, 
3570, 750, 30, 15, 1, 0, 
3570, 795, 30, 15, 3, 0, 
3570, 757, 30, 37, 2, 0, 
3600, 750, 30, 15, 1, 0, 
3600, 795, 30, 15, 3, 0, 
3600, 757, 30, 37, 2, 0, 
3630, 510, 30, 15, 1, 0, 
3630, 525, 30, 15, 3, 0, 
3630, 517, 30, 7, 2, 0, 
3630, 750, 30, 15, 1, 0, 
3630, 795, 30, 15, 3, 0, 
3630, 757, 30, 37, 2, 0, 
3660, 510, 30, 15, 1, 0, 
3660, 525, 30, 15, 3, 0, 
3660, 517, 30, 7, 2, 0, 
3660, 750, 30, 15, 1, 0, 
3660, 795, 30, 15, 3, 0, 
3660, 757, 30, 37, 2, 0, 
3690, 510, 30, 15, 1, 0, 
3690, 525, 30, 15, 3, 0, 
3690, 517, 30, 7, 2, 0, 
3690, 750, 30, 15, 1, 0, 
3690, 795, 30, 15, 3, 0, 
3690, 757, 30, 37, 2, 0, 
3720, 510, 30, 15, 1, 0, 
3720, 525, 30, 15, 3, 0, 
3720, 517, 30, 7, 2, 0, 
3720, 750, 30, 15, 1, 0, 
3720, 795, 30, 15, 3, 0, 
3720, 757, 30, 37, 2, 0, 
3750, 510, 30, 15, 1, 0, 
3750, 525, 30, 15, 3, 0, 
3750, 517, 30, 7, 2, 0, 
3750, 630, 30, 15, 1, 0, 
3750, 645, 30, 15, 3, 0, 
3750, 637, 30, 7, 2, 0, 
3750, 750, 30, 15, 1, 0, 
3750, 795, 30, 15, 3, 0, 
3750, 757, 30, 37, 2, 0, 
3780, 750, 30, 15, 1, 0, 
3780, 795, 30, 15, 3, 0, 
3780, 757, 30, 37, 2, 0, 
3810, 750, 30, 15, 1, 0, 
3810, 795, 30, 15, 3, 0, 
3810, 757, 30, 37, 2, 0, 
3840, 750, 30, 15, 1, 0, 
3840, 795, 30, 15, 3, 0, 
3840, 757, 30, 37, 2, 0, 
3870, 750, 30, 15, 1, 0, 
3870, 795, 30, 15, 3, 0, 
3870, 757, 30, 37, 2, 0, 
3900, 750, 30, 15, 1, 0, 
3900, 795, 30, 15, 3, 0, 
3900, 757, 30, 37, 2, 0, 
3930, 750, 30, 15, 1, 0, 
3930, 795, 30, 15, 3, 0, 
3930, 757, 30, 37, 2, 0, 
3960, 750, 30, 15, 1, 0, 
3960, 795, 30, 15, 3, 0, 
3960, 757, 30, 37, 2, 0, 
3990, 630, 30, 15, 1, 0, 
3990, 645, 30, 15, 3, 0, 
3990, 637, 30, 7, 2, 0, 
3990, 750, 30, 15, 1, 0, 
3990, 795, 30, 15, 3, 0, 
3990, 757, 30, 37, 2, 0, 
4020, 630, 30, 15, 1, 0, 
4020, 645, 30, 15, 3, 0, 
4020, 637, 30, 7, 2, 0, 
4020, 750, 30, 15, 1, 0, 
4020, 795, 30, 15, 3, 0, 
4020, 757, 30, 37, 2, 0, 
4050, 750, 30, 15, 1, 0, 
4050, 795, 30, 15, 3, 0, 
4050, 757, 30, 37, 2, 0, 
4080, 750, 30, 15, 1, 0, 
4080, 795, 30, 15, 3, 0, 
4080, 757, 30, 37, 2, 0, 
4110, 750, 30, 15, 1, 0, 
4110, 795, 30, 15, 3, 0, 
4110, 757, 30, 37, 2, 0, 
4140, 750, 30, 15, 1, 0, 
4140, 795, 30, 15, 3, 0, 
4140, 757, 30, 37, 2, 0, 
4170, 750, 30, 15, 1, 0, 
4170, 795, 30, 15, 3, 0, 
4170, 757, 30, 37, 2, 0, 
4200, 750, 30, 15, 1, 0, 
4200, 795, 30, 15, 3, 0, 
4200, 757, 30, 37, 2, 0, 
4230, 750, 30, 15, 1, 0, 
4230, 795, 30, 15, 3, 0, 
4230, 757, 30, 37, 2, 0, 
4260, 750, 30, 15, 1, 0, 
4260, 795, 30, 15, 3, 0, 
4260, 757, 30, 37, 2, 0, 
4290, 750, 30, 15, 1, 0, 
4290, 795, 30, 15, 3, 0, 
4290, 757, 30, 37, 2, 0, 
4320, 750, 30, 15, 1, 0, 
4320, 795, 30, 15, 3, 0, 
4320, 757, 30, 37, 2, 0, 
4350, 630, 30, 15, 1, 0, 
4350, 645, 30, 15, 3, 0, 
4350, 637, 30, 7, 2, 0, 
4350, 750, 30, 15, 1, 0, 
4350, 795, 30, 15, 3, 0, 
4350, 757, 30, 37, 2, 0, 
4380, 750, 30, 15, 1, 0, 
4380, 795, 30, 15, 3, 0, 
4380, 757, 30, 37, 2, 0, 
4410, 750, 30, 15, 1, 0, 
4410, 795, 30, 15, 3, 0, 
4410, 757, 30, 37, 2, 0, 
4440, 510, 30, 15, 1, 0, 
4440, 525, 30, 15, 3, 0, 
4440, 517, 30, 7, 2, 0, 
4440, 630, 30, 15, 1, 0, 
4440, 645, 30, 15, 3, 0, 
4440, 637, 30, 7, 2, 0, 
4440, 750, 30, 15, 1, 0, 
4440, 795, 30, 15, 3, 0, 
4440, 757, 30, 37, 2, 0, 
4470, 750, 30, 15, 1, 0, 
4470, 795, 30, 15, 3, 0, 
4470, 757, 30, 37, 2, 0, 
4500, 750, 30, 15, 1, 0, 
4500, 795, 30, 15, 3, 0, 
4500, 757, 30, 37, 2, 0, 
4530, 630, 30, 15, 1, 0, 
4530, 645, 30, 15, 3, 0, 
4530, 637, 30, 7, 2, 0, 
4530, 750, 30, 15, 1, 0, 
4530, 795, 30, 15, 3, 0, 
4530, 757, 30, 37, 2, 0, 
4560, 750, 30, 15, 1, 0, 
4560, 795, 30, 15, 3, 0, 
4560, 757, 30, 37, 2, 0, 
4590, 750, 30, 15, 1, 0, 
4590, 795, 30, 15, 3, 0, 
4590, 757, 30, 37, 2, 0, 
4620, 750, 30, 15, 1, 0, 
4620, 795, 30, 15, 3, 0, 
4620, 757, 30, 37, 2, 0, 
4650, 750, 30, 15, 1, 0, 
4650, 795, 30, 15, 3, 0, 
4650, 757, 30, 37, 2, 0, 
4680, 750, 30, 15, 1, 0, 
4680, 795, 30, 15, 3, 0, 
4680, 757, 30, 37, 2, 0, 
4710, 750, 30, 15, 1, 0, 
4710, 795, 30, 15, 3, 0, 
4710, 757, 30, 37, 2, 0, 
4740, 750, 30, 15, 1, 0, 
4740, 795, 30, 15, 3, 0, 
4740, 757, 30, 37, 2, 0, 
4770, 630, 30, 15, 1, 0, 
4770, 645, 30, 15, 3, 0, 
4770, 637, 30, 7, 2, 0, 
4770, 750, 30, 15, 1, 0, 
4770, 795, 30, 15, 3, 0, 
4770, 757, 30, 37, 2, 0, 
4800, 750, 30, 15, 1, 0, 
4800, 795, 30, 15, 3, 0, 
4800, 757, 30, 37, 2, 0, 
4830, 750, 30, 15, 1, 0, 
4830, 795, 30, 15, 3, 0, 
4830, 757, 30, 37, 2, 0, 
4860, 750, 30, 15, 1, 0, 
4860, 795, 30, 15, 3, 0, 
4860, 757, 30, 37, 2, 0, 
4890, 750, 30, 15, 1, 0, 
4890, 795, 30, 15, 3, 0, 
4890, 757, 30, 37, 2, 0, 
4920, 510, 30, 15, 1, 0, 
4920, 525, 30, 15, 3, 0, 
4920, 517, 30, 7, 2, 0, 
4920, 750, 30, 15, 1, 0, 
4920, 795, 30, 15, 3, 0, 
4920, 757, 30, 37, 2, 0, 
4950, 510, 30, 15, 1, 0, 
4950, 525, 30, 15, 3, 0, 
4950, 517, 30, 7, 2, 0, 
4950, 750, 30, 15, 1, 0, 
4950, 795, 30, 15, 3, 0, 
4950, 757, 30, 37, 2, 0, 
4980, 510, 30, 15, 1, 0, 
4980, 525, 30, 15, 3, 0, 
4980, 517, 30, 7, 2, 0, 
4980, 750, 30, 15, 1, 0, 
4980, 795, 30, 15, 3, 0, 
4980, 757, 30, 37, 2, 0, 
5010, 510, 30, 15, 1, 0, 
5010, 525, 30, 15, 3, 0, 
5010, 517, 30, 7, 2, 0, 
5010, 750, 30, 15, 1, 0, 
5010, 795, 30, 15, 3, 0, 
5010, 757, 30, 37, 2, 0, 
5040, 750, 30, 15, 1, 0, 
5040, 795, 30, 15, 3, 0, 
5040, 757, 30, 37, 2, 0, 
5070, 750, 30, 15, 1, 0, 
5070, 795, 30, 15, 3, 0, 
5070, 757, 30, 37, 2, 0, 
5100, 750, 30, 15, 1, 0, 
5100, 795, 30, 15, 3, 0, 
5100, 757, 30, 37, 2, 0, 
5130, 750, 30, 15, 1, 0, 
5130, 795, 30, 15, 3, 0, 
5130, 757, 30, 37, 2, 0, 
5160, 750, 30, 15, 1, 0, 
5160, 795, 30, 15, 3, 0, 
5160, 757, 30, 37, 2, 0, 
5190, 750, 30, 15, 1, 0, 
5190, 795, 30, 15, 3, 0, 
5190, 757, 30, 37, 2, 0, 
5220, 750, 30, 15, 1, 0, 
5220, 795, 30, 15, 3, 0, 
5220, 757, 30, 37, 2, 0, 
5250, 510, 30, 15, 1, 0, 
5250, 525, 30, 15, 3, 0, 
5250, 517, 30, 7, 2, 0, 
5250, 750, 30, 15, 1, 0, 
5250, 795, 30, 15, 3, 0, 
5250, 757, 30, 37, 2, 0, 
5280, 510, 30, 15, 1, 0, 
5280, 525, 30, 15, 3, 0, 
5280, 517, 30, 7, 2, 0, 
5280, 630, 30, 15, 1, 0, 
5280, 645, 30, 15, 3, 0, 
5280, 637, 30, 7, 2, 0, 
5280, 750, 30, 15, 1, 0, 
5280, 795, 30, 15, 3, 0, 
5280, 757, 30, 37, 2, 0, 
5310, 510, 30, 15, 1, 0, 
5310, 525, 30, 15, 3, 0, 
5310, 517, 30, 7, 2, 0, 
5310, 630, 30, 15, 1, 0, 
5310, 645, 30, 15, 3, 0, 
5310, 637, 30, 7, 2, 0, 
5310, 750, 30, 15, 1, 0, 
5310, 795, 30, 15, 3, 0, 
5310, 757, 30, 37, 2, 0, 
5340, 510, 30, 15, 1, 0, 
5340, 525, 30, 15, 3, 0, 
5340, 517, 30, 7, 2, 0, 
5340, 750, 30, 15, 1, 0, 
5340, 795, 30, 15, 3, 0, 
5340, 757, 30, 37, 2, 0, 
5370, 750, 30, 15, 1, 0, 
5370, 795, 30, 15, 3, 0, 
5370, 757, 30, 37, 2, 0, 
5400, 750, 30, 15, 1, 0, 
5400, 795, 30, 15, 3, 0, 
5400, 757, 30, 37, 2, 0, 
5430, 750, 30, 15, 1, 0, 
5430, 795, 30, 15, 3, 0, 
5430, 757, 30, 37, 2, 0, 
5460, 750, 30, 15, 1, 0, 
5460, 795, 30, 15, 3, 0, 
5460, 757, 30, 37, 2, 0, 
5490, 750, 30, 15, 1, 0, 
5490, 795, 30, 15, 3, 0, 
5490, 757, 30, 37, 2, 0, 
5520, 750, 30, 15, 1, 0, 
5520, 795, 30, 15, 3, 0, 
5520, 757, 30, 37, 2, 0, 
5550, 750, 30, 15, 1, 0, 
5550, 795, 30, 15, 3, 0, 
5550, 757, 30, 37, 2, 0, 
5580, 750, 30, 15, 1, 0, 
5580, 795, 30, 15, 3, 0, 
5580, 757, 30, 37, 2, 0, 
5610, 750, 30, 15, 1, 0, 
5610, 795, 30, 15, 3, 0, 
5610, 757, 30, 37, 2, 0, 
5640, 720, 30, 15, 1, 0, 
5640, 795, 30, 15, 3, 0, 
5640, 727, 30, 67, 2, 0, 
5670, 690, 30, 15, 1, 0, 
5670, 795, 30, 15, 3, 0, 
5670, 697, 30, 97, 2, 0, 
5700, 660, 30, 15, 1, 0, 
5700, 795, 30, 15, 3, 0, 
5700, 667, 30, 127, 2, 0, 
5730, 630, 30, 15, 1, 0, 
5730, 795, 30, 15, 3, 0, 
5730, 637, 30, 157, 2, 0, 
5760, 750, 30, 15, 1, 0, 
5760, 795, 30, 15, 3, 0, 
5760, 757, 30, 37, 2, 0, 
5790, 750, 30, 15, 1, 0, 
5790, 795, 30, 15, 3, 0, 
5790, 757, 30, 37, 2, 0, 
5820, 630, 30, 15, 1, 0, 
5820, 795, 30, 15, 3, 0, 
5820, 637, 30, 157, 2, 0, 
5850, 660, 30, 15, 1, 0, 
5850, 795, 30, 15, 3, 0, 
5850, 667, 30, 127, 2, 0, 
5880, 660, 30, 15, 1, 0, 
5880, 795, 30, 15, 3, 0, 
5880, 667, 30, 127, 2, 0, 
5910, 690, 30, 15, 1, 0, 
5910, 795, 30, 15, 3, 0, 
5910, 697, 30, 97, 2, 0, 
5940, 720, 30, 15, 1, 0, 
5940, 795, 30, 15, 3, 0, 
5940, 727, 30, 67, 2, 0, 
5970, 750, 30, 15, 1, 0, 
5970, 795, 30, 15, 3, 0, 
5970, 757, 30, 37, 2, 0, 
6000, 750, 30, 15, 1, 0, 
6000, 795, 30, 15, 3, 0, 
6000, 757, 30, 37, 2, 0, 
6030, 750, 30, 15, 1, 0, 
6030, 795, 30, 15, 3, 0, 
6030, 757, 30, 37, 2, 0, 
6060, 750, 30, 15, 1, 0, 
6060, 795, 30, 15, 3, 0, 
6060, 757, 30, 37, 2, 0, 
6090, 750, 30, 15, 1, 0, 
6090, 795, 30, 15, 3, 0, 
6090, 757, 30, 37, 2, 0, 
6120, 750, 30, 15, 1, 0, 
6120, 795, 30, 15, 3, 0, 
6120, 757, 30, 37, 2, 0, 
6150, 750, 30, 15, 1, 0, 
6150, 795, 30, 15, 3, 0, 
6150, 757, 30, 37, 2, 0, 
6180, 720, 30, 15, 1, 0, 
6180, 795, 30, 15, 3, 0, 
6180, 727, 30, 67, 2, 0, 
6210, 690, 30, 15, 1, 0, 
6210, 795, 30, 15, 3, 0, 
6210, 697, 30, 97, 2, 0, 
6240, 660, 30, 15, 1, 0, 
6240, 795, 30, 15, 3, 0, 
6240, 667, 30, 127, 2, 0, 
6270, 630, 30, 15, 1, 0, 
6270, 795, 30, 15, 3, 0, 
6270, 637, 30, 157, 2, 0, 
6300, 630, 30, 15, 1, 0, 
6300, 795, 30, 15, 3, 0, 
6300, 637, 30, 157, 2, 0, 
6390, 630, 30, 15, 1, 0, 
6390, 795, 30, 15, 3, 0, 
6390, 637, 30, 157, 2, 0, 
6420, 660, 30, 15, 1, 0, 
6420, 795, 30, 15, 3, 0, 
6420, 667, 30, 127, 2, 0, 
6450, 690, 30, 15, 1, 0, 
6450, 795, 30, 15, 3, 0, 
6450, 697, 30, 97, 2, 0, 
6480, 720, 30, 15, 1, 0, 
6480, 795, 30, 15, 3, 0, 
6480, 727, 30, 67, 2, 0, 
6510, 750, 30, 15, 1, 0, 
6510, 795, 30, 15, 3, 0, 
6510, 757, 30, 37, 2, 0, 
6540, 750, 30, 15, 1, 0, 
6540, 795, 30, 15, 3, 0, 
6540, 757, 30, 37, 2, 0, 
6570, 750, 30, 15, 1, 0, 
6570, 795, 30, 15, 3, 0, 
6570, 757, 30, 37, 2, 0, 
6600, 750, 30, 15, 1, 0, 
6600, 795, 30, 15, 3, 0, 
6600, 757, 30, 37, 2, 0, 
6630, 750, 30, 15, 1, 0, 
6630, 795, 30, 15, 3, 0, 
6630, 757, 30, 37, 2, 0, 
6660, 750, 30, 15, 1, 0, 
6660, 795, 30, 15, 3, 0, 
6660, 757, 30, 37, 2, 0, 
6690, 750, 30, 15, 1, 0, 
6690, 795, 30, 15, 3, 0, 
6690, 757, 30, 37, 2, 0, 
6720, 690, 30, 15, 1, 0, 
6720, 795, 30, 15, 3, 0, 
6720, 697, 30, 97, 2, 0, 
6750, 690, 30, 15, 1, 0, 
6750, 795, 30, 15, 3, 0, 
6750, 697, 30, 97, 2, 0, 
6780, 750, 30, 15, 1, 0, 
6780, 795, 30, 15, 3, 0, 
6780, 757, 30, 37, 2, 0, 
6810, 750, 30, 15, 1, 0, 
6810, 795, 30, 15, 3, 0, 
6810, 757, 30, 37, 2, 0, 
6840, 750, 30, 15, 1, 0, 
6840, 795, 30, 15, 3, 0, 
6840, 757, 30, 37, 2, 0, 
6870, 750, 30, 15, 1, 0, 
6870, 795, 30, 15, 3, 0, 
6870, 757, 30, 37, 2, 0, 
6900, 750, 30, 15, 1, 0, 
6900, 795, 30, 15, 3, 0, 
6900, 757, 30, 37, 2, 0, 
6930, 630, 30, 15, 1, 0, 
6930, 645, 30, 15, 3, 0, 
6930, 637, 30, 7, 2, 0, 
6930, 750, 30, 15, 1, 0, 
6930, 795, 30, 15, 3, 0, 
6930, 757, 30, 37, 2, 0, 
6960, 630, 30, 15, 1, 0, 
6960, 645, 30, 15, 3, 0, 
6960, 637, 30, 7, 2, 0, 
6960, 750, 30, 15, 1, 0, 
6960, 795, 30, 15, 3, 0, 
6960, 757, 30, 37, 2, 0, 
6990, 630, 30, 15, 1, 0, 
6990, 645, 30, 15, 3, 0, 
6990, 637, 30, 7, 2, 0, 
6990, 750, 30, 15, 1, 0, 
6990, 795, 30, 15, 3, 0, 
6990, 757, 30, 37, 2, 0, 
7020, 630, 30, 15, 1, 0, 
7020, 645, 30, 15, 3, 0, 
7020, 637, 30, 7, 2, 0, 
7020, 750, 30, 15, 1, 0, 
7020, 795, 30, 15, 3, 0, 
7020, 757, 30, 37, 2, 0, 
7050, 750, 30, 15, 1, 0, 
7050, 795, 30, 15, 3, 0, 
7050, 757, 30, 37, 2, 0, 
7080, 750, 30, 15, 1, 0, 
7080, 795, 30, 15, 3, 0, 
7080, 757, 30, 37, 2, 0, 
7110, 750, 30, 15, 1, 0, 
7110, 795, 30, 15, 3, 0, 
7110, 757, 30, 37, 2, 0, 
7140, 750, 30, 15, 1, 0, 
7140, 795, 30, 15, 3, 0, 
7140, 757, 30, 37, 2, 0, 
7170, 750, 30, 15, 1, 0, 
7170, 795, 30, 15, 3, 0, 
7170, 757, 30, 37, 2, 0, 
7200, 750, 30, 15, 1, 0, 
7200, 795, 30, 15, 3, 0, 
7200, 757, 30, 37, 2, 0, 
7230, 750, 30, 15, 1, 0, 
7230, 795, 30, 15, 3, 0, 
7230, 757, 30, 37, 2, 0, 
7260, 750, 30, 15, 1, 0, 
7260, 795, 30, 15, 3, 0, 
7260, 757, 30, 37, 2, 0, 
7290, 750, 30, 15, 1, 0, 
7290, 795, 30, 15, 3, 0, 
7290, 757, 30, 37, 2, 0, 
7320, 750, 30, 15, 1, 0, 
7320, 795, 30, 15, 3, 0, 
7320, 757, 30, 37, 2, 0, 
7350, 750, 30, 15, 1, 0, 
7350, 795, 30, 15, 3, 0, 
7350, 757, 30, 37, 2, 0, 
7380, 750, 30, 15, 1, 0, 
7380, 795, 30, 15, 3, 0, 
7380, 757, 30, 37, 2, 0, 
7410, 750, 30, 15, 1, 0, 
7410, 795, 30, 15, 3, 0, 
7410, 757, 30, 37, 2, 0, 
7440, 690, 30, 15, 1, 0, 
7440, 795, 30, 15, 3, 0, 
7440, 697, 30, 97, 2, 0, 
7470, 690, 30, 15, 1, 0, 
7470, 795, 30, 15, 3, 0, 
7470, 697, 30, 97, 2, 0, 
7500, 720, 30, 15, 1, 0, 
7500, 795, 30, 15, 3, 0, 
7500, 727, 30, 67, 2, 0, 
7530, 690, 30, 15, 1, 0, 
7530, 795, 30, 15, 3, 0, 
7530, 697, 30, 97, 2, 0, 
7560, 660, 30, 15, 1, 0, 
7560, 795, 30, 15, 3, 0, 
7560, 667, 30, 127, 2, 0, 
7590, 630, 30, 15, 1, 0, 
7590, 795, 30, 15, 3, 0, 
7590, 637, 30, 157, 2, 0, 
7620, 600, 30, 15, 1, 0, 
7620, 795, 30, 15, 3, 0, 
7620, 607, 30, 187, 2, 0, 
7650, 570, 30, 15, 1, 0, 
7650, 795, 30, 15, 3, 0, 
7650, 577, 30, 217, 2, 0, 
7680, 360, 30, 15, 1, 0, 
7680, 375, 30, 15, 3, 0, 
7680, 367, 30, 7, 2, 0, 
7680, 480, 30, 15, 1, 0, 
7680, 795, 30, 15, 3, 0, 
7680, 487, 30, 307, 2, 0, 
7710, 360, 30, 15, 1, 0, 
7710, 375, 30, 15, 3, 0, 
7710, 367, 30, 7, 2, 0, 
7710, 480, 30, 15, 1, 0, 
7710, 795, 30, 15, 3, 0, 
7710, 487, 30, 307, 2, 0, 
7740, 360, 30, 15, 1, 0, 
7740, 375, 30, 15, 3, 0, 
7740, 367, 30, 7, 2, 0, 
7740, 480, 30, 15, 1, 0, 
7740, 795, 30, 15, 3, 0, 
7740, 487, 30, 307, 2, 0, 
7770, 360, 30, 15, 1, 0, 
7770, 375, 30, 15, 3, 0, 
7770, 367, 30, 7, 2, 0, 
7770, 480, 30, 15, 1, 0, 
7770, 795, 30, 15, 3, 0, 
7770, 487, 30, 307, 2, 0, 
7800, 360, 30, 15, 1, 0, 
7800, 375, 30, 15, 3, 0, 
7800, 367, 30, 7, 2, 0, 
7800, 480, 30, 15, 1, 0, 
7800, 495, 30, 15, 3, 0, 
7800, 487, 30, 7, 2, 0, 
7800, 750, 30, 15, 1, 0, 
7800, 795, 30, 15, 3, 0, 
7800, 757, 30, 37, 2, 0, 
7830, 360, 30, 15, 1, 0, 
7830, 375, 30, 15, 3, 0, 
7830, 367, 30, 7, 2, 0, 
7830, 480, 30, 15, 1, 0, 
7830, 495, 30, 15, 3, 0, 
7830, 487, 30, 7, 2, 0, 
7830, 750, 30, 15, 1, 0, 
7830, 795, 30, 15, 3, 0, 
7830, 757, 30, 37, 2, 0, 
7860, 360, 30, 15, 1, 0, 
7860, 375, 30, 15, 3, 0, 
7860, 367, 30, 7, 2, 0, 
7860, 480, 30, 15, 1, 0, 
7860, 495, 30, 15, 3, 0, 
7860, 487, 30, 7, 2, 0, 
7860, 750, 30, 15, 1, 0, 
7860, 795, 30, 15, 3, 0, 
7860, 757, 30, 37, 2, 0, 
7890, 360, 30, 15, 1, 0, 
7890, 375, 30, 15, 3, 0, 
7890, 367, 30, 7, 2, 0, 
7890, 480, 30, 15, 1, 0, 
7890, 495, 30, 15, 3, 0, 
7890, 487, 30, 7, 2, 0, 
7890, 750, 30, 15, 1, 0, 
7890, 795, 30, 15, 3, 0, 
7890, 757, 30, 37, 2, 0, 
7920, 360, 30, 15, 1, 0, 
7920, 375, 30, 15, 3, 0, 
7920, 367, 30, 7, 2, 0, 
7920, 480, 30, 15, 1, 0, 
7920, 495, 30, 15, 3, 0, 
7920, 487, 30, 7, 2, 0, 
7920, 750, 30, 15, 1, 0, 
7920, 795, 30, 15, 3, 0, 
7920, 757, 30, 37, 2, 0, 
7950, 360, 30, 15, 1, 0, 
7950, 375, 30, 15, 3, 0, 
7950, 367, 30, 7, 2, 0, 
7950, 480, 30, 15, 1, 0, 
7950, 495, 30, 15, 3, 0, 
7950, 487, 30, 7, 2, 0, 
7950, 750, 30, 15, 1, 0, 
7950, 795, 30, 15, 3, 0, 
7950, 757, 30, 37, 2, 0, 
7980, 360, 30, 15, 1, 0, 
7980, 375, 30, 15, 3, 0, 
7980, 367, 30, 7, 2, 0, 
7980, 480, 30, 15, 1, 0, 
7980, 495, 30, 15, 3, 0, 
7980, 487, 30, 7, 2, 0, 
7980, 750, 30, 15, 1, 0, 
7980, 795, 30, 15, 3, 0, 
7980, 757, 30, 37, 2, 0, 
8010, 360, 30, 15, 1, 0, 
8010, 375, 30, 15, 3, 0, 
8010, 367, 30, 7, 2, 0, 
8010, 480, 30, 15, 1, 0, 
8010, 495, 30, 15, 3, 0, 
8010, 487, 30, 7, 2, 0, 
8010, 750, 30, 15, 1, 0, 
8010, 795, 30, 15, 3, 0, 
8010, 757, 30, 37, 2, 0, 
8040, 360, 30, 15, 1, 0, 
8040, 375, 30, 15, 3, 0, 
8040, 367, 30, 7, 2, 0, 
8040, 480, 30, 15, 1, 0, 
8040, 495, 30, 15, 3, 0, 
8040, 487, 30, 7, 2, 0, 
8040, 750, 30, 15, 1, 0, 
8040, 795, 30, 15, 3, 0, 
8040, 757, 30, 37, 2, 0, 
8070, 360, 30, 15, 1, 0, 
8070, 375, 30, 15, 3, 0, 
8070, 367, 30, 7, 2, 0, 
8070, 480, 30, 15, 1, 0, 
8070, 495, 30, 15, 3, 0, 
8070, 487, 30, 7, 2, 0, 
8070, 750, 30, 15, 1, 0, 
8070, 795, 30, 15, 3, 0, 
8070, 757, 30, 37, 2, 0, 
8100, 360, 30, 15, 1, 0, 
8100, 375, 30, 15, 3, 0, 
8100, 367, 30, 7, 2, 0, 
8100, 750, 30, 15, 1, 0, 
8100, 795, 30, 15, 3, 0, 
8100, 757, 30, 37, 2, 0, 
8130, 360, 30, 15, 1, 0, 
8130, 375, 30, 15, 3, 0, 
8130, 367, 30, 7, 2, 0, 
8130, 750, 30, 15, 1, 0, 
8130, 795, 30, 15, 3, 0, 
8130, 757, 30, 37, 2, 0, 
8160, 330, 30, 15, 1, 0, 
8160, 795, 30, 15, 3, 0, 
8160, 337, 30, 457, 2, 0, 
8190, 360, 30, 15, 1, 0, 
8190, 375, 30, 15, 3, 0, 
8190, 367, 30, 7, 2, 0, 
8190, 750, 30, 15, 1, 0, 
8190, 795, 30, 15, 3, 0, 
8190, 757, 30, 37, 2, 0, 
8220, 750, 30, 15, 1, 0, 
8220, 795, 30, 15, 3, 0, 
8220, 757, 30, 37, 2, 0, 
8250, 750, 30, 15, 1, 0, 
8250, 795, 30, 15, 3, 0, 
8250, 757, 30, 37, 2, 0, 
8280, 750, 30, 15, 1, 0, 
8280, 795, 30, 15, 3, 0, 
8280, 757, 30, 37, 2, 0, 
8310, 750, 30, 15, 1, 0, 
8310, 795, 30, 15, 3, 0, 
8310, 757, 30, 37, 2, 0, 
8340, 750, 30, 15, 1, 0, 
8340, 795, 30, 15, 3, 0, 
8340, 757, 30, 37, 2, 0, 
8370, 750, 30, 15, 1, 0, 
8370, 795, 30, 15, 3, 0, 
8370, 757, 30, 37, 2, 0, 
8400, 750, 30, 15, 1, 0, 
8400, 795, 30, 15, 3, 0, 
8400, 757, 30, 37, 2, 0, 
8430, 750, 30, 15, 1, 0, 
8430, 795, 30, 15, 3, 0, 
8430, 757, 30, 37, 2, 0, 
8460, 750, 30, 15, 1, 0, 
8460, 795, 30, 15, 3, 0, 
8460, 757, 30, 37, 2, 0, 
8490, 750, 30, 15, 1, 0, 
8490, 795, 30, 15, 3, 0, 
8490, 757, 30, 37, 2, 0, 
8520, 750, 30, 15, 1, 0, 
8520, 795, 30, 15, 3, 0, 
8520, 757, 30, 37, 2, 0, 
8550, 750, 30, 15, 1, 0, 
8550, 795, 30, 15, 3, 0, 
8550, 757, 30, 37, 2, 0, 
8580, 750, 30, 15, 1, 0, 
8580, 795, 30, 15, 3, 0, 
8580, 757, 30, 37, 2, 0, 
8610, 750, 30, 15, 1, 0, 
8610, 795, 30, 15, 3, 0, 
8610, 757, 30, 37, 2, 0, 
8640, 750, 30, 15, 1, 0, 
8640, 795, 30, 15, 3, 0, 
8640, 757, 30, 37, 2, 0, 
8670, 750, 30, 15, 1, 0, 
8670, 795, 30, 15, 3, 0, 
8670, 757, 30, 37, 2, 0, 
