2460, 30, 30, 7, 6, 3, 
2490, 30, 30, 7, 6, 1, 
2520, 30, 30, 7, 6, 1, 
2550, 30, 30, 7, 6, 1, 
2580, 30, 30, 7, 6, 1, 
2610, 30, 30, 7, 6, 1, 
2640, 30, 30, 7, 6, 1, 
2670, 30, 30, 7, 6, 1, 
2700, 30, 30, 7, 6, 1, 
2730, 30, 30, 7, 6, 1, 
2760, 30, 30, 7, 6, 1, 
2790, 30, 30, 7, 6, 1, 
2820, 30, 30, 7, 6, 1, 
2850, 30, 30, 7, 6, 1, 
2880, 30, 30, 7, 6, 1, 
2910, 30, 30, 7, 6, 1, 
2940, 30, 30, 7, 6, 1, 
2970, 30, 30, 7, 6, 1, 
3000, 30, 30, 7, 6, 1, 
2430, 60, 30, 7, 6, 3, 
2400, 90, 30, 7, 6, 3, 
2370, 120, 30, 7, 6, 3, 
2340, 150, 30, 7, 6, 3, 
2310, 180, 30, 7, 6, 3, 
2280, 210, 30, 7, 6, 3, 
2850, 210, 30, 30, 0, 0, 
2880, 210, 30, 30, 4, 101, 
2910, 210, 30, 30, 4, 101, 
2940, 210, 30, 30, 4, 101, 
2970, 210, 30, 30, 4, 101, 
3000, 210, 30, 30, 4, 101, 
3060, 210, 30, 30, 12, 0, 
2250, 240, 30, 7, 6, 3, 
2850, 240, 30, 30, 0, 0, 
2880, 240, 30, 30, 4, 101, 
2910, 240, 30, 30, 4, 101, 
2940, 240, 30, 30, 4, 101, 
2970, 240, 30, 30, 4, 101, 
3000, 240, 30, 30, 4, 101, 
3060, 240, 30, 30, 12, 0, 
1770, 270, 30, 7, 6, 1, 
1800, 270, 30, 7, 6, 1, 
1830, 270, 30, 7, 6, 1, 
1860, 270, 30, 7, 6, 1, 
1890, 270, 30, 7, 6, 1, 
1920, 270, 30, 7, 6, 1, 
1950, 270, 30, 7, 6, 1, 
1980, 270, 30, 7, 6, 1, 
2010, 270, 30, 7, 6, 1, 
2040, 270, 30, 7, 6, 1, 
2070, 270, 30, 7, 6, 1, 
2100, 270, 30, 7, 6, 1, 
2130, 270, 30, 7, 6, 1, 
2160, 270, 30, 7, 6, 1, 
2190, 270, 30, 7, 6, 1, 
2220, 270, 30, 7, 6, 1, 
2850, 270, 30, 30, 0, 0, 
2880, 270, 30, 30, 4, 101, 
2910, 270, 30, 30, 4, 101, 
2940, 270, 30, 30, 4, 101, 
2970, 270, 30, 30, 4, 101, 
3000, 270, 30, 30, 4, 101, 
3060, 270, 30, 30, 12, 0, 
1590, 450, 30, 7, 6, 1, 
1620, 450, 30, 7, 6, 1, 
1650, 450, 30, 7, 6, 1, 
1680, 450, 30, 7, 6, 1, 
1710, 450, 30, 7, 6, 1, 
1740, 450, 30, 7, 6, 1, 
1770, 480, 30, 7, 6, 2, 
6180, 480, 30, 30, 11, 0, 
6240, 480, 30, 30, 4, 100, 
6270, 480, 30, 30, 4, 100, 
6300, 480, 30, 30, 4, 100, 
6330, 480, 30, 30, 4, 100, 
6360, 480, 30, 30, 4, 100, 
6390, 480, 30, 30, 5, 0, 
1800, 510, 30, 7, 6, 2, 
6180, 510, 30, 30, 11, 0, 
6240, 510, 30, 30, 4, 100, 
6270, 510, 30, 30, 4, 100, 
6300, 510, 30, 30, 4, 100, 
6330, 510, 30, 30, 4, 100, 
6360, 510, 30, 30, 4, 100, 
6390, 510, 30, 30, 5, 0, 
1830, 540, 30, 7, 6, 2, 
6180, 540, 30, 30, 11, 0, 
6240, 540, 30, 30, 4, 100, 
6270, 540, 30, 30, 4, 100, 
6300, 540, 30, 30, 4, 100, 
6330, 540, 30, 30, 4, 100, 
6360, 540, 30, 30, 4, 100, 
6390, 540, 30, 30, 5, 0, 
1860, 570, 30, 7, 6, 2, 
1890, 600, 30, 7, 6, 2, 
1920, 630, 30, 7, 6, 2, 
1950, 660, 30, 7, 6, 2, 
1980, 690, 30, 7, 6, 2, 
2010, 720, 30, 7, 6, 2, 
2040, 750, 30, 7, 6, 1, 
2070, 750, 30, 7, 6, 1, 
2100, 750, 30, 7, 6, 1, 
2130, 750, 30, 7, 6, 1, 
2160, 750, 30, 7, 6, 1, 
2190, 750, 30, 7, 6, 1, 
2220, 750, 30, 7, 6, 1, 
2250, 750, 30, 7, 6, 1, 
2280, 750, 30, 7, 6, 1, 
2310, 750, 30, 7, 6, 1, 
2340, 750, 30, 7, 6, 1, 
2370, 750, 30, 7, 6, 1, 
2400, 750, 30, 7, 6, 1, 
2430, 750, 30, 7, 6, 1, 
2460, 750, 30, 7, 6, 1, 
2490, 750, 30, 7, 6, 1, 
2520, 750, 30, 7, 6, 1, 
2550, 750, 30, 7, 6, 1, 
2580, 750, 30, 7, 6, 1, 
2610, 750, 30, 7, 6, 1, 
2640, 750, 30, 7, 6, 1, 
2670, 750, 30, 7, 6, 1, 
2700, 750, 30, 7, 6, 1, 
2730, 750, 30, 7, 6, 1, 
2760, 750, 30, 7, 6, 1, 
2790, 750, 30, 7, 6, 1, 
2820, 750, 30, 7, 6, 1, 
2850, 750, 30, 7, 6, 1, 
2880, 750, 30, 7, 6, 1, 
2910, 750, 30, 7, 6, 1, 
2940, 750, 30, 7, 6, 1, 
2970, 750, 30, 7, 6, 1, 
3000, 750, 30, 7, 6, 1, 
3030, 750, 30, 7, 6, 1, 
3060, 750, 30, 7, 6, 1, 
3090, 750, 30, 7, 6, 1, 
3120, 750, 30, 7, 6, 1, 
3150, 750, 30, 7, 6, 1, 
3180, 750, 30, 7, 6, 1, 
3210, 750, 30, 7, 6, 1, 
3240, 750, 30, 7, 6, 1, 
3270, 750, 30, 7, 6, 1, 
3300, 750, 30, 7, 6, 1, 
3330, 750, 30, 7, 6, 1, 
3360, 750, 30, 7, 6, 1, 
3390, 750, 30, 7, 6, 1, 
3420, 750, 30, 7, 6, 1, 
3450, 750, 30, 7, 6, 1, 
3480, 750, 30, 7, 6, 1, 
3510, 750, 30, 7, 6, 1, 
3540, 750, 30, 7, 6, 1, 
3570, 750, 30, 7, 6, 1, 
3600, 750, 30, 7, 6, 1, 
3630, 750, 30, 7, 6, 1, 
3660, 750, 30, 7, 6, 1, 
3690, 750, 30, 7, 6, 1, 
3210, 780, 30, 7, 6, 3, 
3180, 810, 30, 7, 6, 3, 
3150, 840, 30, 7, 6, 3, 
3120, 870, 30, 7, 6, 3, 
3090, 900, 30, 7, 6, 3, 
3060, 930, 30, 7, 6, 3, 
3030, 960, 30, 7, 6, 3, 
2310, 990, 30, 7, 6, 1, 
2340, 990, 30, 7, 6, 1, 
2370, 990, 30, 7, 6, 1, 
2400, 990, 30, 7, 6, 1, 
2430, 990, 30, 7, 6, 1, 
2460, 990, 30, 7, 6, 1, 
2490, 990, 30, 7, 6, 1, 
2520, 990, 30, 7, 6, 1, 
2550, 990, 30, 7, 6, 1, 
2580, 990, 30, 7, 6, 1, 
2610, 990, 30, 7, 6, 1, 
2640, 990, 30, 7, 6, 1, 
2670, 990, 30, 7, 6, 1, 
2700, 990, 30, 7, 6, 1, 
2730, 990, 30, 7, 6, 1, 
2760, 990, 30, 7, 6, 1, 
2790, 990, 30, 7, 6, 1, 
2820, 990, 30, 7, 6, 1, 
2850, 990, 30, 7, 6, 1, 
2880, 990, 30, 7, 6, 1, 
2910, 990, 30, 7, 6, 1, 
2940, 990, 30, 7, 6, 1, 
2970, 990, 30, 7, 6, 1, 
3000, 990, 30, 7, 6, 1, 
2700, 1020, 30, 7, 6, 2, 
2730, 1050, 30, 7, 6, 2, 
2760, 1080, 30, 7, 6, 2, 
2790, 1110, 30, 7, 6, 2, 
2820, 1140, 30, 7, 6, 2, 
2850, 1170, 30, 7, 6, 2, 
2880, 1200, 30, 7, 6, 2, 
2910, 1230, 30, 7, 6, 2, 
2940, 1260, 30, 7, 6, 2, 
2970, 1260, 30, 7, 6, 1, 
3000, 1260, 30, 7, 6, 1, 
3030, 1260, 30, 7, 6, 1, 
3060, 1260, 30, 7, 6, 1, 
3090, 1260, 30, 7, 6, 1, 
3120, 1260, 30, 7, 6, 1, 
3150, 1260, 30, 7, 6, 1, 
3180, 1260, 30, 7, 6, 1, 
3210, 1260, 30, 7, 6, 1, 
3240, 1260, 30, 7, 6, 1, 
3270, 1260, 30, 7, 6, 1, 
3300, 1260, 30, 7, 6, 1, 
3330, 1260, 30, 7, 6, 1, 
3360, 1260, 30, 7, 6, 1, 
3390, 1260, 30, 7, 6, 1, 
3420, 1260, 30, 7, 6, 1, 
3450, 1260, 30, 7, 6, 1, 
3480, 1260, 30, 7, 6, 1, 
3510, 1260, 30, 7, 6, 1, 
3540, 1260, 30, 7, 6, 1, 
3570, 1260, 30, 7, 6, 1, 
3600, 1260, 30, 7, 6, 1, 
3630, 1260, 30, 7, 6, 1, 
3660, 1260, 30, 7, 6, 1, 
3690, 1260, 30, 7, 6, 1, 
3720, 1260, 30, 7, 6, 1, 
3750, 1260, 30, 7, 6, 1, 
3780, 1260, 30, 7, 6, 1, 
1020, 210, 30, 15, 1, 0, 
1020, 495, 30, 15, 3, 0, 
1020, 217, 30, 277, 2, 0, 
1050, 0, 30, 15, 1, 0, 
1050, 495, 30, 15, 3, 0, 
1050, 7, 30, 487, 2, 0, 
1080, 0, 30, 15, 1, 0, 
1080, 495, 30, 15, 3, 0, 
1080, 7, 30, 487, 2, 0, 
1110, 0, 30, 15, 1, 0, 
1110, 135, 30, 15, 3, 0, 
1110, 7, 30, 127, 2, 0, 
1110, 240, 30, 15, 1, 0, 
1110, 555, 30, 15, 3, 0, 
1110, 247, 30, 307, 2, 0, 
1140, 0, 30, 15, 1, 0, 
1140, 135, 30, 15, 3, 0, 
1140, 7, 30, 127, 2, 0, 
1140, 480, 30, 15, 1, 0, 
1140, 555, 30, 15, 3, 0, 
1140, 487, 30, 67, 2, 0, 
1170, 0, 30, 15, 1, 0, 
1170, 135, 30, 15, 3, 0, 
1170, 7, 30, 127, 2, 0, 
1170, 480, 30, 15, 1, 0, 
1170, 555, 30, 15, 3, 0, 
1170, 487, 30, 67, 2, 0, 
1200, 0, 30, 15, 1, 0, 
1200, 135, 30, 15, 3, 0, 
1200, 7, 30, 127, 2, 0, 
1200, 480, 30, 15, 1, 0, 
1200, 555, 30, 15, 3, 0, 
1200, 487, 30, 67, 2, 0, 
1230, 0, 30, 15, 1, 0, 
1230, 135, 30, 15, 3, 0, 
1230, 7, 30, 127, 2, 0, 
1230, 480, 30, 15, 1, 0, 
1230, 555, 30, 15, 3, 0, 
1230, 487, 30, 67, 2, 0, 
1260, 0, 30, 15, 1, 0, 
1260, 135, 30, 15, 3, 0, 
1260, 7, 30, 127, 2, 0, 
1260, 480, 30, 15, 1, 0, 
1260, 555, 30, 15, 3, 0, 
1260, 487, 30, 67, 2, 0, 
1290, 0, 30, 15, 1, 0, 
1290, 135, 30, 15, 3, 0, 
1290, 7, 30, 127, 2, 0, 
1290, 480, 30, 15, 1, 0, 
1290, 555, 30, 15, 3, 0, 
1290, 487, 30, 67, 2, 0, 
1320, 0, 30, 15, 1, 0, 
1320, 135, 30, 15, 3, 0, 
1320, 7, 30, 127, 2, 0, 
1320, 480, 30, 15, 1, 0, 
1320, 555, 30, 15, 3, 0, 
1320, 487, 30, 67, 2, 0, 
1350, 0, 30, 15, 1, 0, 
1350, 135, 30, 15, 3, 0, 
1350, 7, 30, 127, 2, 0, 
1350, 270, 30, 15, 1, 0, 
1350, 315, 30, 15, 3, 0, 
1350, 277, 30, 37, 2, 0, 
1350, 480, 30, 15, 1, 0, 
1350, 555, 30, 15, 3, 0, 
1350, 487, 30, 67, 2, 0, 
1380, 0, 30, 15, 1, 0, 
1380, 135, 30, 15, 3, 0, 
1380, 7, 30, 127, 2, 0, 
1380, 270, 30, 15, 1, 0, 
1380, 315, 30, 15, 3, 0, 
1380, 277, 30, 37, 2, 0, 
1380, 480, 30, 15, 1, 0, 
1380, 555, 30, 15, 3, 0, 
1380, 487, 30, 67, 2, 0, 
1410, 0, 30, 15, 1, 0, 
1410, 135, 30, 15, 3, 0, 
1410, 7, 30, 127, 2, 0, 
1410, 270, 30, 15, 1, 0, 
1410, 315, 30, 15, 3, 0, 
1410, 277, 30, 37, 2, 0, 
1410, 480, 30, 15, 1, 0, 
1410, 555, 30, 15, 3, 0, 
1410, 487, 30, 67, 2, 0, 
1440, 0, 30, 15, 1, 0, 
1440, 135, 30, 15, 3, 0, 
1440, 7, 30, 127, 2, 0, 
1440, 270, 30, 15, 1, 0, 
1440, 315, 30, 15, 3, 0, 
1440, 277, 30, 37, 2, 0, 
1440, 480, 30, 15, 1, 0, 
1440, 555, 30, 15, 3, 0, 
1440, 487, 30, 67, 2, 0, 
1470, 0, 30, 15, 1, 0, 
1470, 135, 30, 15, 3, 0, 
1470, 7, 30, 127, 2, 0, 
1470, 270, 30, 15, 1, 0, 
1470, 315, 30, 15, 3, 0, 
1470, 277, 30, 37, 2, 0, 
1470, 480, 30, 15, 1, 0, 
1470, 555, 30, 15, 3, 0, 
1470, 487, 30, 67, 2, 0, 
1500, 0, 30, 15, 1, 0, 
1500, 135, 30, 15, 3, 0, 
1500, 7, 30, 127, 2, 0, 
1500, 270, 30, 15, 1, 0, 
1500, 315, 30, 15, 3, 0, 
1500, 277, 30, 37, 2, 0, 
1500, 480, 30, 15, 1, 0, 
1500, 555, 30, 15, 3, 0, 
1500, 487, 30, 67, 2, 0, 
1530, 0, 30, 15, 1, 0, 
1530, 135, 30, 15, 3, 0, 
1530, 7, 30, 127, 2, 0, 
1530, 270, 30, 15, 1, 0, 
1530, 315, 30, 15, 3, 0, 
1530, 277, 30, 37, 2, 0, 
1530, 480, 30, 15, 1, 0, 
1530, 555, 30, 15, 3, 0, 
1530, 487, 30, 67, 2, 0, 
1560, 0, 30, 15, 1, 0, 
1560, 135, 30, 15, 3, 0, 
1560, 7, 30, 127, 2, 0, 
1560, 270, 30, 15, 1, 0, 
1560, 315, 30, 15, 3, 0, 
1560, 277, 30, 37, 2, 0, 
1560, 480, 30, 15, 1, 0, 
1560, 555, 30, 15, 3, 0, 
1560, 487, 30, 67, 2, 0, 
1590, 0, 30, 15, 1, 0, 
1590, 135, 30, 15, 3, 0, 
1590, 7, 30, 127, 2, 0, 
1590, 270, 30, 15, 1, 0, 
1590, 315, 30, 15, 3, 0, 
1590, 277, 30, 37, 2, 0, 
1590, 480, 30, 15, 1, 0, 
1590, 555, 30, 15, 3, 0, 
1590, 487, 30, 67, 2, 0, 
1620, 0, 30, 15, 1, 0, 
1620, 135, 30, 15, 3, 0, 
1620, 7, 30, 127, 2, 0, 
1620, 270, 30, 15, 1, 0, 
1620, 315, 30, 15, 3, 0, 
1620, 277, 30, 37, 2, 0, 
1650, 0, 30, 15, 1, 0, 
1650, 135, 30, 15, 3, 0, 
1650, 7, 30, 127, 2, 0, 
1650, 270, 30, 15, 1, 0, 
1650, 315, 30, 15, 3, 0, 
1650, 277, 30, 37, 2, 0, 
1680, 0, 30, 15, 1, 0, 
1680, 135, 30, 15, 3, 0, 
1680, 7, 30, 127, 2, 0, 
1680, 270, 30, 15, 1, 0, 
1680, 315, 30, 15, 3, 0, 
1680, 277, 30, 37, 2, 0, 
1710, 0, 30, 15, 1, 0, 
1710, 135, 30, 15, 3, 0, 
1710, 7, 30, 127, 2, 0, 
1710, 270, 30, 15, 1, 0, 
1710, 315, 30, 15, 3, 0, 
1710, 277, 30, 37, 2, 0, 
1740, 0, 30, 15, 1, 0, 
1740, 135, 30, 15, 3, 0, 
1740, 7, 30, 127, 2, 0, 
1740, 270, 30, 15, 1, 0, 
1740, 315, 30, 15, 3, 0, 
1740, 277, 30, 37, 2, 0, 
1770, 0, 30, 15, 1, 0, 
1770, 135, 30, 15, 3, 0, 
1770, 7, 30, 127, 2, 0, 
1800, 0, 30, 15, 1, 0, 
1800, 135, 30, 15, 3, 0, 
1800, 7, 30, 127, 2, 0, 
1830, 0, 30, 15, 1, 0, 
1830, 135, 30, 15, 3, 0, 
1830, 7, 30, 127, 2, 0, 
1860, 0, 30, 15, 1, 0, 
1860, 135, 30, 15, 3, 0, 
1860, 7, 30, 127, 2, 0, 
1890, 0, 30, 15, 1, 0, 
1890, 135, 30, 15, 3, 0, 
1890, 7, 30, 127, 2, 0, 
1920, 0, 30, 15, 1, 0, 
1920, 135, 30, 15, 3, 0, 
1920, 7, 30, 127, 2, 0, 
2280, 840, 30, 15, 1, 0, 
2280, 1035, 30, 15, 3, 0, 
2280, 847, 30, 187, 2, 0, 
2790, 90, 30, 15, 1, 0, 
2790, 525, 30, 15, 3, 0, 
2790, 97, 30, 427, 2, 0, 
2820, 90, 30, 15, 1, 0, 
2820, 525, 30, 15, 3, 0, 
2820, 97, 30, 427, 2, 0, 
2850, 90, 30, 15, 1, 0, 
2850, 195, 30, 15, 3, 0, 
2850, 97, 30, 97, 2, 0, 
2850, 300, 30, 15, 1, 0, 
2850, 315, 30, 15, 3, 0, 
2850, 307, 30, 7, 2, 0, 
2850, 480, 30, 15, 1, 0, 
2850, 525, 30, 15, 3, 0, 
2850, 487, 30, 37, 2, 0, 
2880, 90, 30, 15, 1, 0, 
2880, 195, 30, 15, 3, 0, 
2880, 97, 30, 97, 2, 0, 
2880, 300, 30, 15, 1, 0, 
2880, 315, 30, 15, 3, 0, 
2880, 307, 30, 7, 2, 0, 
2880, 480, 30, 15, 1, 0, 
2880, 525, 30, 15, 3, 0, 
2880, 487, 30, 37, 2, 0, 
2910, 90, 30, 15, 1, 0, 
2910, 195, 30, 15, 3, 0, 
2910, 97, 30, 97, 2, 0, 
2910, 300, 30, 15, 1, 0, 
2910, 315, 30, 15, 3, 0, 
2910, 307, 30, 7, 2, 0, 
2910, 480, 30, 15, 1, 0, 
2910, 525, 30, 15, 3, 0, 
2910, 487, 30, 37, 2, 0, 
2940, 90, 30, 15, 1, 0, 
2940, 195, 30, 15, 3, 0, 
2940, 97, 30, 97, 2, 0, 
2940, 300, 30, 15, 1, 0, 
2940, 315, 30, 15, 3, 0, 
2940, 307, 30, 7, 2, 0, 
2940, 480, 30, 15, 1, 0, 
2940, 525, 30, 15, 3, 0, 
2940, 487, 30, 37, 2, 0, 
2970, 90, 30, 15, 1, 0, 
2970, 195, 30, 15, 3, 0, 
2970, 97, 30, 97, 2, 0, 
2970, 300, 30, 15, 1, 0, 
2970, 315, 30, 15, 3, 0, 
2970, 307, 30, 7, 2, 0, 
2970, 480, 30, 15, 1, 0, 
2970, 525, 30, 15, 3, 0, 
2970, 487, 30, 37, 2, 0, 
3000, 90, 30, 15, 1, 0, 
3000, 195, 30, 15, 3, 0, 
3000, 97, 30, 97, 2, 0, 
3000, 300, 30, 15, 1, 0, 
3000, 315, 30, 15, 3, 0, 
3000, 307, 30, 7, 2, 0, 
3000, 480, 30, 15, 1, 0, 
3000, 525, 30, 15, 3, 0, 
3000, 487, 30, 37, 2, 0, 
3030, 90, 30, 15, 1, 0, 
3030, 195, 30, 15, 3, 0, 
3030, 97, 30, 97, 2, 0, 
3030, 300, 30, 15, 1, 0, 
3030, 315, 30, 15, 3, 0, 
3030, 307, 30, 7, 2, 0, 
3030, 480, 30, 15, 1, 0, 
3030, 525, 30, 15, 3, 0, 
3030, 487, 30, 37, 2, 0, 
3060, 90, 30, 15, 1, 0, 
3060, 195, 30, 15, 3, 0, 
3060, 97, 30, 97, 2, 0, 
3060, 300, 30, 15, 1, 0, 
3060, 315, 30, 15, 3, 0, 
3060, 307, 30, 7, 2, 0, 
3060, 480, 30, 15, 1, 0, 
3060, 525, 30, 15, 3, 0, 
3060, 487, 30, 37, 2, 0, 
3090, 90, 30, 15, 1, 0, 
3090, 195, 30, 15, 3, 0, 
3090, 97, 30, 97, 2, 0, 
3090, 300, 30, 15, 1, 0, 
3090, 315, 30, 15, 3, 0, 
3090, 307, 30, 7, 2, 0, 
3090, 480, 30, 15, 1, 0, 
3090, 525, 30, 15, 3, 0, 
3090, 487, 30, 37, 2, 0, 
3120, 90, 30, 15, 1, 0, 
3120, 165, 30, 15, 3, 0, 
3120, 97, 30, 67, 2, 0, 
3120, 300, 30, 15, 1, 0, 
3120, 315, 30, 15, 3, 0, 
3120, 307, 30, 7, 2, 0, 
3120, 480, 30, 15, 1, 0, 
3120, 525, 30, 15, 3, 0, 
3120, 487, 30, 37, 2, 0, 
3150, 90, 30, 15, 1, 0, 
3150, 165, 30, 15, 3, 0, 
3150, 97, 30, 67, 2, 0, 
3150, 300, 30, 15, 1, 0, 
3150, 315, 30, 15, 3, 0, 
3150, 307, 30, 7, 2, 0, 
3150, 480, 30, 15, 1, 0, 
3150, 525, 30, 15, 3, 0, 
3150, 487, 30, 37, 2, 0, 
3180, 90, 30, 15, 1, 0, 
3180, 165, 30, 15, 3, 0, 
3180, 97, 30, 67, 2, 0, 
3180, 300, 30, 15, 1, 0, 
3180, 315, 30, 15, 3, 0, 
3180, 307, 30, 7, 2, 0, 
3180, 480, 30, 15, 1, 0, 
3180, 525, 30, 15, 3, 0, 
3180, 487, 30, 37, 2, 0, 
3210, 90, 30, 15, 1, 0, 
3210, 165, 30, 15, 3, 0, 
3210, 97, 30, 67, 2, 0, 
3210, 300, 30, 15, 1, 0, 
3210, 315, 30, 15, 3, 0, 
3210, 307, 30, 7, 2, 0, 
3210, 480, 30, 15, 1, 0, 
3210, 525, 30, 15, 3, 0, 
3210, 487, 30, 37, 2, 0, 
3240, 90, 30, 15, 1, 0, 
3240, 165, 30, 15, 3, 0, 
3240, 97, 30, 67, 2, 0, 
3240, 480, 30, 15, 1, 0, 
3240, 525, 30, 15, 3, 0, 
3240, 487, 30, 37, 2, 0, 
3270, 90, 30, 15, 1, 0, 
3270, 165, 30, 15, 3, 0, 
3270, 97, 30, 67, 2, 0, 
3270, 480, 30, 15, 1, 0, 
3270, 525, 30, 15, 3, 0, 
3270, 487, 30, 37, 2, 0, 
3300, 90, 30, 15, 1, 0, 
3300, 165, 30, 15, 3, 0, 
3300, 97, 30, 67, 2, 0, 
3300, 480, 30, 15, 1, 0, 
3300, 525, 30, 15, 3, 0, 
3300, 487, 30, 37, 2, 0, 
3330, 90, 30, 15, 1, 0, 
3330, 165, 30, 15, 3, 0, 
3330, 97, 30, 67, 2, 0, 
3330, 480, 30, 15, 1, 0, 
3330, 525, 30, 15, 3, 0, 
3330, 487, 30, 37, 2, 0, 
3360, 90, 30, 15, 1, 0, 
3360, 165, 30, 15, 3, 0, 
3360, 97, 30, 67, 2, 0, 
3360, 480, 30, 15, 1, 0, 
3360, 525, 30, 15, 3, 0, 
3360, 487, 30, 37, 2, 0, 
3390, 90, 30, 15, 1, 0, 
3390, 165, 30, 15, 3, 0, 
3390, 97, 30, 67, 2, 0, 
3390, 480, 30, 15, 1, 0, 
3390, 525, 30, 15, 3, 0, 
3390, 487, 30, 37, 2, 0, 
3420, 90, 30, 15, 1, 0, 
3420, 165, 30, 15, 3, 0, 
3420, 97, 30, 67, 2, 0, 
3420, 480, 30, 15, 1, 0, 
3420, 525, 30, 15, 3, 0, 
3420, 487, 30, 37, 2, 0, 
3450, 90, 30, 15, 1, 0, 
3450, 165, 30, 15, 3, 0, 
3450, 97, 30, 67, 2, 0, 
3450, 480, 30, 15, 1, 0, 
3450, 525, 30, 15, 3, 0, 
3450, 487, 30, 37, 2, 0, 
3480, 90, 30, 15, 1, 0, 
3480, 225, 30, 15, 3, 0, 
3480, 97, 30, 127, 2, 0, 
3480, 480, 30, 15, 1, 0, 
3480, 525, 30, 15, 3, 0, 
3480, 487, 30, 37, 2, 0, 
3510, 90, 30, 15, 1, 0, 
3510, 225, 30, 15, 3, 0, 
3510, 97, 30, 127, 2, 0, 
3510, 480, 30, 15, 1, 0, 
3510, 525, 30, 15, 3, 0, 
3510, 487, 30, 37, 2, 0, 
3540, 90, 30, 15, 1, 0, 
3540, 105, 30, 15, 3, 0, 
3540, 97, 30, 7, 2, 0, 
3540, 180, 30, 15, 1, 0, 
3540, 225, 30, 15, 3, 0, 
3540, 187, 30, 37, 2, 0, 
3540, 480, 30, 15, 1, 0, 
3540, 525, 30, 15, 3, 0, 
3540, 487, 30, 37, 2, 0, 
3570, 90, 30, 15, 1, 0, 
3570, 105, 30, 15, 3, 0, 
3570, 97, 30, 7, 2, 0, 
3570, 180, 30, 15, 1, 0, 
3570, 225, 30, 15, 3, 0, 
3570, 187, 30, 37, 2, 0, 
3570, 480, 30, 15, 1, 0, 
3570, 525, 30, 15, 3, 0, 
3570, 487, 30, 37, 2, 0, 
3600, 90, 30, 15, 1, 0, 
3600, 105, 30, 15, 3, 0, 
3600, 97, 30, 7, 2, 0, 
3600, 180, 30, 15, 1, 0, 
3600, 225, 30, 15, 3, 0, 
3600, 187, 30, 37, 2, 0, 
3600, 480, 30, 15, 1, 0, 
3600, 525, 30, 15, 3, 0, 
3600, 487, 30, 37, 2, 0, 
3630, 90, 30, 15, 1, 0, 
3630, 105, 30, 15, 3, 0, 
3630, 97, 30, 7, 2, 0, 
3630, 180, 30, 15, 1, 0, 
3630, 225, 30, 15, 3, 0, 
3630, 187, 30, 37, 2, 0, 
3630, 480, 30, 15, 1, 0, 
3630, 525, 30, 15, 3, 0, 
3630, 487, 30, 37, 2, 0, 
3660, 90, 30, 15, 1, 0, 
3660, 105, 30, 15, 3, 0, 
3660, 97, 30, 7, 2, 0, 
3660, 180, 30, 15, 1, 0, 
3660, 225, 30, 15, 3, 0, 
3660, 187, 30, 37, 2, 0, 
3660, 480, 30, 15, 1, 0, 
3660, 525, 30, 15, 3, 0, 
3660, 487, 30, 37, 2, 0, 
3690, 90, 30, 15, 1, 0, 
3690, 105, 30, 15, 3, 0, 
3690, 97, 30, 7, 2, 0, 
3690, 180, 30, 15, 1, 0, 
3690, 225, 30, 15, 3, 0, 
3690, 187, 30, 37, 2, 0, 
3690, 480, 30, 15, 1, 0, 
3690, 525, 30, 15, 3, 0, 
3690, 487, 30, 37, 2, 0, 
3720, 90, 30, 15, 1, 0, 
3720, 105, 30, 15, 3, 0, 
3720, 97, 30, 7, 2, 0, 
3720, 180, 30, 15, 1, 0, 
3720, 225, 30, 15, 3, 0, 
3720, 187, 30, 37, 2, 0, 
3720, 480, 30, 15, 1, 0, 
3720, 525, 30, 15, 3, 0, 
3720, 487, 30, 37, 2, 0, 
3720, 780, 30, 15, 1, 0, 
3720, 975, 30, 15, 3, 0, 
3720, 787, 30, 187, 2, 0, 
3750, 90, 30, 15, 1, 0, 
3750, 105, 30, 15, 3, 0, 
3750, 97, 30, 7, 2, 0, 
3750, 180, 30, 15, 1, 0, 
3750, 225, 30, 15, 3, 0, 
3750, 187, 30, 37, 2, 0, 
3750, 780, 30, 15, 1, 0, 
3750, 975, 30, 15, 3, 0, 
3750, 787, 30, 187, 2, 0, 
3780, 90, 30, 15, 1, 0, 
3780, 105, 30, 15, 3, 0, 
3780, 97, 30, 7, 2, 0, 
3780, 180, 30, 15, 1, 0, 
3780, 225, 30, 15, 3, 0, 
3780, 187, 30, 37, 2, 0, 
3780, 780, 30, 15, 1, 0, 
3780, 975, 30, 15, 3, 0, 
3780, 787, 30, 187, 2, 0, 
3810, 90, 30, 15, 1, 0, 
3810, 105, 30, 15, 3, 0, 
3810, 97, 30, 7, 2, 0, 
3810, 180, 30, 15, 1, 0, 
3810, 225, 30, 15, 3, 0, 
3810, 187, 30, 37, 2, 0, 
3810, 780, 30, 15, 1, 0, 
3810, 975, 30, 15, 3, 0, 
3810, 787, 30, 187, 2, 0, 
3840, 90, 30, 15, 1, 0, 
3840, 105, 30, 15, 3, 0, 
3840, 97, 30, 7, 2, 0, 
3840, 180, 30, 15, 1, 0, 
3840, 225, 30, 15, 3, 0, 
3840, 187, 30, 37, 2, 0, 
3840, 780, 30, 15, 1, 0, 
3840, 975, 30, 15, 3, 0, 
3840, 787, 30, 187, 2, 0, 
3870, 90, 30, 15, 1, 0, 
3870, 105, 30, 15, 3, 0, 
3870, 97, 30, 7, 2, 0, 
3870, 180, 30, 15, 1, 0, 
3870, 225, 30, 15, 3, 0, 
3870, 187, 30, 37, 2, 0, 
3870, 780, 30, 15, 1, 0, 
3870, 975, 30, 15, 3, 0, 
3870, 787, 30, 187, 2, 0, 
3900, 90, 30, 15, 1, 0, 
3900, 105, 30, 15, 3, 0, 
3900, 97, 30, 7, 2, 0, 
3900, 180, 30, 15, 1, 0, 
3900, 225, 30, 15, 3, 0, 
3900, 187, 30, 37, 2, 0, 
3900, 780, 30, 15, 1, 0, 
3900, 975, 30, 15, 3, 0, 
3900, 787, 30, 187, 2, 0, 
3900, 1290, 30, 15, 1, 0, 
3900, 1305, 30, 15, 3, 0, 
3900, 1297, 30, 7, 2, 0, 
3930, 90, 30, 15, 1, 0, 
3930, 105, 30, 15, 3, 0, 
3930, 97, 30, 7, 2, 0, 
3930, 180, 30, 15, 1, 0, 
3930, 225, 30, 15, 3, 0, 
3930, 187, 30, 37, 2, 0, 
3930, 780, 30, 15, 1, 0, 
3930, 975, 30, 15, 3, 0, 
3930, 787, 30, 187, 2, 0, 
3930, 1290, 30, 15, 1, 0, 
3930, 1305, 30, 15, 3, 0, 
3930, 1297, 30, 7, 2, 0, 
3960, 90, 30, 15, 1, 0, 
3960, 105, 30, 15, 3, 0, 
3960, 97, 30, 7, 2, 0, 
3960, 180, 30, 15, 1, 0, 
3960, 225, 30, 15, 3, 0, 
3960, 187, 30, 37, 2, 0, 
3960, 780, 30, 15, 1, 0, 
3960, 975, 30, 15, 3, 0, 
3960, 787, 30, 187, 2, 0, 
3960, 1290, 30, 15, 1, 0, 
3960, 1305, 30, 15, 3, 0, 
3960, 1297, 30, 7, 2, 0, 
3990, 90, 30, 15, 1, 0, 
3990, 105, 30, 15, 3, 0, 
3990, 97, 30, 7, 2, 0, 
3990, 180, 30, 15, 1, 0, 
3990, 225, 30, 15, 3, 0, 
3990, 187, 30, 37, 2, 0, 
3990, 780, 30, 15, 1, 0, 
3990, 975, 30, 15, 3, 0, 
3990, 787, 30, 187, 2, 0, 
3990, 1290, 30, 15, 1, 0, 
3990, 1305, 30, 15, 3, 0, 
3990, 1297, 30, 7, 2, 0, 
4020, 90, 30, 15, 1, 0, 
4020, 105, 30, 15, 3, 0, 
4020, 97, 30, 7, 2, 0, 
4020, 180, 30, 15, 1, 0, 
4020, 225, 30, 15, 3, 0, 
4020, 187, 30, 37, 2, 0, 
4020, 660, 30, 15, 1, 0, 
4020, 675, 30, 15, 3, 0, 
4020, 667, 30, 7, 2, 0, 
4020, 780, 30, 15, 1, 0, 
4020, 975, 30, 15, 3, 0, 
4020, 787, 30, 187, 2, 0, 
4020, 1290, 30, 15, 1, 0, 
4020, 1305, 30, 15, 3, 0, 
4020, 1297, 30, 7, 2, 0, 
4050, 90, 30, 15, 1, 0, 
4050, 105, 30, 15, 3, 0, 
4050, 97, 30, 7, 2, 0, 
4050, 180, 30, 15, 1, 0, 
4050, 225, 30, 15, 3, 0, 
4050, 187, 30, 37, 2, 0, 
4050, 660, 30, 15, 1, 0, 
4050, 675, 30, 15, 3, 0, 
4050, 667, 30, 7, 2, 0, 
4050, 1290, 30, 15, 1, 0, 
4050, 1305, 30, 15, 3, 0, 
4050, 1297, 30, 7, 2, 0, 
4080, 90, 30, 15, 1, 0, 
4080, 105, 30, 15, 3, 0, 
4080, 97, 30, 7, 2, 0, 
4080, 180, 30, 15, 1, 0, 
4080, 225, 30, 15, 3, 0, 
4080, 187, 30, 37, 2, 0, 
4080, 660, 30, 15, 1, 0, 
4080, 675, 30, 15, 3, 0, 
4080, 667, 30, 7, 2, 0, 
4080, 1290, 30, 15, 1, 0, 
4080, 1305, 30, 15, 3, 0, 
4080, 1297, 30, 7, 2, 0, 
4110, 90, 30, 15, 1, 0, 
4110, 105, 30, 15, 3, 0, 
4110, 97, 30, 7, 2, 0, 
4110, 180, 30, 15, 1, 0, 
4110, 225, 30, 15, 3, 0, 
4110, 187, 30, 37, 2, 0, 
4110, 660, 30, 15, 1, 0, 
4110, 675, 30, 15, 3, 0, 
4110, 667, 30, 7, 2, 0, 
4110, 780, 30, 15, 1, 0, 
4110, 975, 30, 15, 3, 0, 
4110, 787, 30, 187, 2, 0, 
4110, 1290, 30, 15, 1, 0, 
4110, 1305, 30, 15, 3, 0, 
4110, 1297, 30, 7, 2, 0, 
4140, 90, 30, 15, 1, 0, 
4140, 105, 30, 15, 3, 0, 
4140, 97, 30, 7, 2, 0, 
4140, 660, 30, 15, 1, 0, 
4140, 675, 30, 15, 3, 0, 
4140, 667, 30, 7, 2, 0, 
4140, 780, 30, 15, 1, 0, 
4140, 975, 30, 15, 3, 0, 
4140, 787, 30, 187, 2, 0, 
4140, 1290, 30, 15, 1, 0, 
4140, 1305, 30, 15, 3, 0, 
4140, 1297, 30, 7, 2, 0, 
4170, 90, 30, 15, 1, 0, 
4170, 105, 30, 15, 3, 0, 
4170, 97, 30, 7, 2, 0, 
4170, 660, 30, 15, 1, 0, 
4170, 675, 30, 15, 3, 0, 
4170, 667, 30, 7, 2, 0, 
4170, 780, 30, 15, 1, 0, 
4170, 975, 30, 15, 3, 0, 
4170, 787, 30, 187, 2, 0, 
4170, 1290, 30, 15, 1, 0, 
4170, 1305, 30, 15, 3, 0, 
4170, 1297, 30, 7, 2, 0, 
4200, 90, 30, 15, 1, 0, 
4200, 105, 30, 15, 3, 0, 
4200, 97, 30, 7, 2, 0, 
4200, 780, 30, 15, 1, 0, 
4200, 975, 30, 15, 3, 0, 
4200, 787, 30, 187, 2, 0, 
4200, 1290, 30, 15, 1, 0, 
4200, 1305, 30, 15, 3, 0, 
4200, 1297, 30, 7, 2, 0, 
4230, 90, 30, 15, 1, 0, 
4230, 105, 30, 15, 3, 0, 
4230, 97, 30, 7, 2, 0, 
4230, 780, 30, 15, 1, 0, 
4230, 975, 30, 15, 3, 0, 
4230, 787, 30, 187, 2, 0, 
4230, 1290, 30, 15, 1, 0, 
4230, 1305, 30, 15, 3, 0, 
4230, 1297, 30, 7, 2, 0, 
4260, 90, 30, 15, 1, 0, 
4260, 105, 30, 15, 3, 0, 
4260, 97, 30, 7, 2, 0, 
4260, 780, 30, 15, 1, 0, 
4260, 975, 30, 15, 3, 0, 
4260, 787, 30, 187, 2, 0, 
4260, 1290, 30, 15, 1, 0, 
4260, 1305, 30, 15, 3, 0, 
4260, 1297, 30, 7, 2, 0, 
4290, 90, 30, 15, 1, 0, 
4290, 105, 30, 15, 3, 0, 
4290, 97, 30, 7, 2, 0, 
4290, 780, 30, 15, 1, 0, 
4290, 975, 30, 15, 3, 0, 
4290, 787, 30, 187, 2, 0, 
4290, 1290, 30, 15, 1, 0, 
4290, 1305, 30, 15, 3, 0, 
4290, 1297, 30, 7, 2, 0, 
4320, 90, 30, 15, 1, 0, 
4320, 105, 30, 15, 3, 0, 
4320, 97, 30, 7, 2, 0, 
4320, 780, 30, 15, 1, 0, 
4320, 975, 30, 15, 3, 0, 
4320, 787, 30, 187, 2, 0, 
4320, 1290, 30, 15, 1, 0, 
4320, 1305, 30, 15, 3, 0, 
4320, 1297, 30, 7, 2, 0, 
4350, 90, 30, 15, 1, 0, 
4350, 105, 30, 15, 3, 0, 
4350, 97, 30, 7, 2, 0, 
4350, 780, 30, 15, 1, 0, 
4350, 975, 30, 15, 3, 0, 
4350, 787, 30, 187, 2, 0, 
4350, 1290, 30, 15, 1, 0, 
4350, 1305, 30, 15, 3, 0, 
4350, 1297, 30, 7, 2, 0, 
4380, 90, 30, 15, 1, 0, 
4380, 105, 30, 15, 3, 0, 
4380, 97, 30, 7, 2, 0, 
4380, 780, 30, 15, 1, 0, 
4380, 975, 30, 15, 3, 0, 
4380, 787, 30, 187, 2, 0, 
4380, 1290, 30, 15, 1, 0, 
4380, 1305, 30, 15, 3, 0, 
4380, 1297, 30, 7, 2, 0, 
4410, 90, 30, 15, 1, 0, 
4410, 105, 30, 15, 3, 0, 
4410, 97, 30, 7, 2, 0, 
4410, 420, 30, 15, 1, 0, 
4410, 465, 30, 15, 3, 0, 
4410, 427, 30, 37, 2, 0, 
4410, 780, 30, 15, 1, 0, 
4410, 975, 30, 15, 3, 0, 
4410, 787, 30, 187, 2, 0, 
4410, 1290, 30, 15, 1, 0, 
4410, 1305, 30, 15, 3, 0, 
4410, 1297, 30, 7, 2, 0, 
4440, 90, 30, 15, 1, 0, 
4440, 105, 30, 15, 3, 0, 
4440, 97, 30, 7, 2, 0, 
4440, 420, 30, 15, 1, 0, 
4440, 465, 30, 15, 3, 0, 
4440, 427, 30, 37, 2, 0, 
4440, 780, 30, 15, 1, 0, 
4440, 975, 30, 15, 3, 0, 
4440, 787, 30, 187, 2, 0, 
4470, 90, 30, 15, 1, 0, 
4470, 105, 30, 15, 3, 0, 
4470, 97, 30, 7, 2, 0, 
4470, 420, 30, 15, 1, 0, 
4470, 465, 30, 15, 3, 0, 
4470, 427, 30, 37, 2, 0, 
4470, 780, 30, 15, 1, 0, 
4470, 975, 30, 15, 3, 0, 
4470, 787, 30, 187, 2, 0, 
4500, 90, 30, 15, 1, 0, 
4500, 105, 30, 15, 3, 0, 
4500, 97, 30, 7, 2, 0, 
4500, 420, 30, 15, 1, 0, 
4500, 465, 30, 15, 3, 0, 
4500, 427, 30, 37, 2, 0, 
4500, 780, 30, 15, 1, 0, 
4500, 975, 30, 15, 3, 0, 
4500, 787, 30, 187, 2, 0, 
4530, 90, 30, 15, 1, 0, 
4530, 105, 30, 15, 3, 0, 
4530, 97, 30, 7, 2, 0, 
4530, 420, 30, 15, 1, 0, 
4530, 465, 30, 15, 3, 0, 
4530, 427, 30, 37, 2, 0, 
4530, 780, 30, 15, 1, 0, 
4530, 975, 30, 15, 3, 0, 
4530, 787, 30, 187, 2, 0, 
4560, 90, 30, 15, 1, 0, 
4560, 105, 30, 15, 3, 0, 
4560, 97, 30, 7, 2, 0, 
4560, 420, 30, 15, 1, 0, 
4560, 465, 30, 15, 3, 0, 
4560, 427, 30, 37, 2, 0, 
4560, 780, 30, 15, 1, 0, 
4560, 975, 30, 15, 3, 0, 
4560, 787, 30, 187, 2, 0, 
4590, 90, 30, 15, 1, 0, 
4590, 105, 30, 15, 3, 0, 
4590, 97, 30, 7, 2, 0, 
4590, 420, 30, 15, 1, 0, 
4590, 465, 30, 15, 3, 0, 
4590, 427, 30, 37, 2, 0, 
4590, 780, 30, 15, 1, 0, 
4590, 975, 30, 15, 3, 0, 
4590, 787, 30, 187, 2, 0, 
4620, 90, 30, 15, 1, 0, 
4620, 105, 30, 15, 3, 0, 
4620, 97, 30, 7, 2, 0, 
4620, 420, 30, 15, 1, 0, 
4620, 465, 30, 15, 3, 0, 
4620, 427, 30, 37, 2, 0, 
4620, 780, 30, 15, 1, 0, 
4620, 975, 30, 15, 3, 0, 
4620, 787, 30, 187, 2, 0, 
4650, 90, 30, 15, 1, 0, 
4650, 105, 30, 15, 3, 0, 
4650, 97, 30, 7, 2, 0, 
4650, 420, 30, 15, 1, 0, 
4650, 465, 30, 15, 3, 0, 
4650, 427, 30, 37, 2, 0, 
4650, 780, 30, 15, 1, 0, 
4650, 975, 30, 15, 3, 0, 
4650, 787, 30, 187, 2, 0, 
4680, 90, 30, 15, 1, 0, 
4680, 105, 30, 15, 3, 0, 
4680, 97, 30, 7, 2, 0, 
4680, 420, 30, 15, 1, 0, 
4680, 465, 30, 15, 3, 0, 
4680, 427, 30, 37, 2, 0, 
4680, 780, 30, 15, 1, 0, 
4680, 975, 30, 15, 3, 0, 
4680, 787, 30, 187, 2, 0, 
4710, 90, 30, 15, 1, 0, 
4710, 105, 30, 15, 3, 0, 
4710, 97, 30, 7, 2, 0, 
4710, 420, 30, 15, 1, 0, 
4710, 465, 30, 15, 3, 0, 
4710, 427, 30, 37, 2, 0, 
4710, 780, 30, 15, 1, 0, 
4710, 975, 30, 15, 3, 0, 
4710, 787, 30, 187, 2, 0, 
4740, 90, 30, 15, 1, 0, 
4740, 105, 30, 15, 3, 0, 
4740, 97, 30, 7, 2, 0, 
4740, 420, 30, 15, 1, 0, 
4740, 465, 30, 15, 3, 0, 
4740, 427, 30, 37, 2, 0, 
4740, 780, 30, 15, 1, 0, 
4740, 975, 30, 15, 3, 0, 
4740, 787, 30, 187, 2, 0, 
4770, 90, 30, 15, 1, 0, 
4770, 105, 30, 15, 3, 0, 
4770, 97, 30, 7, 2, 0, 
4770, 420, 30, 15, 1, 0, 
4770, 465, 30, 15, 3, 0, 
4770, 427, 30, 37, 2, 0, 
4770, 780, 30, 15, 1, 0, 
4770, 975, 30, 15, 3, 0, 
4770, 787, 30, 187, 2, 0, 
4800, 90, 30, 15, 1, 0, 
4800, 105, 30, 15, 3, 0, 
4800, 97, 30, 7, 2, 0, 
4800, 420, 30, 15, 1, 0, 
4800, 465, 30, 15, 3, 0, 
4800, 427, 30, 37, 2, 0, 
4800, 780, 30, 15, 1, 0, 
4800, 975, 30, 15, 3, 0, 
4800, 787, 30, 187, 2, 0, 
4830, 90, 30, 15, 1, 0, 
4830, 105, 30, 15, 3, 0, 
4830, 97, 30, 7, 2, 0, 
4830, 420, 30, 15, 1, 0, 
4830, 465, 30, 15, 3, 0, 
4830, 427, 30, 37, 2, 0, 
4830, 780, 30, 15, 1, 0, 
4830, 975, 30, 15, 3, 0, 
4830, 787, 30, 187, 2, 0, 
4860, 90, 30, 15, 1, 0, 
4860, 105, 30, 15, 3, 0, 
4860, 97, 30, 7, 2, 0, 
4860, 420, 30, 15, 1, 0, 
4860, 465, 30, 15, 3, 0, 
4860, 427, 30, 37, 2, 0, 
4860, 780, 30, 15, 1, 0, 
4860, 975, 30, 15, 3, 0, 
4860, 787, 30, 187, 2, 0, 
4890, 90, 30, 15, 1, 0, 
4890, 105, 30, 15, 3, 0, 
4890, 97, 30, 7, 2, 0, 
4890, 420, 30, 15, 1, 0, 
4890, 465, 30, 15, 3, 0, 
4890, 427, 30, 37, 2, 0, 
4890, 780, 30, 15, 1, 0, 
4890, 975, 30, 15, 3, 0, 
4890, 787, 30, 187, 2, 0, 
4920, 90, 30, 15, 1, 0, 
4920, 105, 30, 15, 3, 0, 
4920, 97, 30, 7, 2, 0, 
4920, 420, 30, 15, 1, 0, 
4920, 465, 30, 15, 3, 0, 
4920, 427, 30, 37, 2, 0, 
4920, 780, 30, 15, 1, 0, 
4920, 975, 30, 15, 3, 0, 
4920, 787, 30, 187, 2, 0, 
4950, 90, 30, 15, 1, 0, 
4950, 105, 30, 15, 3, 0, 
4950, 97, 30, 7, 2, 0, 
4950, 420, 30, 15, 1, 0, 
4950, 465, 30, 15, 3, 0, 
4950, 427, 30, 37, 2, 0, 
4950, 780, 30, 15, 1, 0, 
4950, 975, 30, 15, 3, 0, 
4950, 787, 30, 187, 2, 0, 
4980, 90, 30, 15, 1, 0, 
4980, 105, 30, 15, 3, 0, 
4980, 97, 30, 7, 2, 0, 
4980, 420, 30, 15, 1, 0, 
4980, 465, 30, 15, 3, 0, 
4980, 427, 30, 37, 2, 0, 
4980, 780, 30, 15, 1, 0, 
4980, 975, 30, 15, 3, 0, 
4980, 787, 30, 187, 2, 0, 
5010, 90, 30, 15, 1, 0, 
5010, 105, 30, 15, 3, 0, 
5010, 97, 30, 7, 2, 0, 
5010, 420, 30, 15, 1, 0, 
5010, 465, 30, 15, 3, 0, 
5010, 427, 30, 37, 2, 0, 
5010, 780, 30, 15, 1, 0, 
5010, 975, 30, 15, 3, 0, 
5010, 787, 30, 187, 2, 0, 
5040, 90, 30, 15, 1, 0, 
5040, 105, 30, 15, 3, 0, 
5040, 97, 30, 7, 2, 0, 
5040, 420, 30, 15, 1, 0, 
5040, 465, 30, 15, 3, 0, 
5040, 427, 30, 37, 2, 0, 
5040, 780, 30, 15, 1, 0, 
5040, 975, 30, 15, 3, 0, 
5040, 787, 30, 187, 2, 0, 
5070, 90, 30, 15, 1, 0, 
5070, 105, 30, 15, 3, 0, 
5070, 97, 30, 7, 2, 0, 
5070, 420, 30, 15, 1, 0, 
5070, 465, 30, 15, 3, 0, 
5070, 427, 30, 37, 2, 0, 
5070, 780, 30, 15, 1, 0, 
5070, 975, 30, 15, 3, 0, 
5070, 787, 30, 187, 2, 0, 
5100, 90, 30, 15, 1, 0, 
5100, 105, 30, 15, 3, 0, 
5100, 97, 30, 7, 2, 0, 
5100, 420, 30, 15, 1, 0, 
5100, 465, 30, 15, 3, 0, 
5100, 427, 30, 37, 2, 0, 
5100, 780, 30, 15, 1, 0, 
5100, 975, 30, 15, 3, 0, 
5100, 787, 30, 187, 2, 0, 
5130, 90, 30, 15, 1, 0, 
5130, 105, 30, 15, 3, 0, 
5130, 97, 30, 7, 2, 0, 
5130, 420, 30, 15, 1, 0, 
5130, 465, 30, 15, 3, 0, 
5130, 427, 30, 37, 2, 0, 
5130, 780, 30, 15, 1, 0, 
5130, 975, 30, 15, 3, 0, 
5130, 787, 30, 187, 2, 0, 
5160, 90, 30, 15, 1, 0, 
5160, 105, 30, 15, 3, 0, 
5160, 97, 30, 7, 2, 0, 
5160, 420, 30, 15, 1, 0, 
5160, 465, 30, 15, 3, 0, 
5160, 427, 30, 37, 2, 0, 
5160, 780, 30, 15, 1, 0, 
5160, 975, 30, 15, 3, 0, 
5160, 787, 30, 187, 2, 0, 
5190, 90, 30, 15, 1, 0, 
5190, 105, 30, 15, 3, 0, 
5190, 97, 30, 7, 2, 0, 
5190, 420, 30, 15, 1, 0, 
5190, 465, 30, 15, 3, 0, 
5190, 427, 30, 37, 2, 0, 
5190, 780, 30, 15, 1, 0, 
5190, 975, 30, 15, 3, 0, 
5190, 787, 30, 187, 2, 0, 
5220, 90, 30, 15, 1, 0, 
5220, 105, 30, 15, 3, 0, 
5220, 97, 30, 7, 2, 0, 
5220, 420, 30, 15, 1, 0, 
5220, 465, 30, 15, 3, 0, 
5220, 427, 30, 37, 2, 0, 
5220, 780, 30, 15, 1, 0, 
5220, 975, 30, 15, 3, 0, 
5220, 787, 30, 187, 2, 0, 
5250, 90, 30, 15, 1, 0, 
5250, 105, 30, 15, 3, 0, 
5250, 97, 30, 7, 2, 0, 
5250, 420, 30, 15, 1, 0, 
5250, 465, 30, 15, 3, 0, 
5250, 427, 30, 37, 2, 0, 
5250, 780, 30, 15, 1, 0, 
5250, 975, 30, 15, 3, 0, 
5250, 787, 30, 187, 2, 0, 
5280, 90, 30, 15, 1, 0, 
5280, 105, 30, 15, 3, 0, 
5280, 97, 30, 7, 2, 0, 
5280, 210, 30, 15, 1, 0, 
5280, 255, 30, 15, 3, 0, 
5280, 217, 30, 37, 2, 0, 
5280, 420, 30, 15, 1, 0, 
5280, 465, 30, 15, 3, 0, 
5280, 427, 30, 37, 2, 0, 
5280, 780, 30, 15, 1, 0, 
5280, 975, 30, 15, 3, 0, 
5280, 787, 30, 187, 2, 0, 
5310, 90, 30, 15, 1, 0, 
5310, 105, 30, 15, 3, 0, 
5310, 97, 30, 7, 2, 0, 
5310, 210, 30, 15, 1, 0, 
5310, 255, 30, 15, 3, 0, 
5310, 217, 30, 37, 2, 0, 
5310, 420, 30, 15, 1, 0, 
5310, 465, 30, 15, 3, 0, 
5310, 427, 30, 37, 2, 0, 
5310, 780, 30, 15, 1, 0, 
5310, 975, 30, 15, 3, 0, 
5310, 787, 30, 187, 2, 0, 
5340, 90, 30, 15, 1, 0, 
5340, 105, 30, 15, 3, 0, 
5340, 97, 30, 7, 2, 0, 
5340, 210, 30, 15, 1, 0, 
5340, 255, 30, 15, 3, 0, 
5340, 217, 30, 37, 2, 0, 
5340, 420, 30, 15, 1, 0, 
5340, 465, 30, 15, 3, 0, 
5340, 427, 30, 37, 2, 0, 
5340, 780, 30, 15, 1, 0, 
5340, 975, 30, 15, 3, 0, 
5340, 787, 30, 187, 2, 0, 
5370, 90, 30, 15, 1, 0, 
5370, 105, 30, 15, 3, 0, 
5370, 97, 30, 7, 2, 0, 
5370, 210, 30, 15, 1, 0, 
5370, 255, 30, 15, 3, 0, 
5370, 217, 30, 37, 2, 0, 
5370, 420, 30, 15, 1, 0, 
5370, 465, 30, 15, 3, 0, 
5370, 427, 30, 37, 2, 0, 
5370, 780, 30, 15, 1, 0, 
5370, 975, 30, 15, 3, 0, 
5370, 787, 30, 187, 2, 0, 
5400, 90, 30, 15, 1, 0, 
5400, 105, 30, 15, 3, 0, 
5400, 97, 30, 7, 2, 0, 
5400, 210, 30, 15, 1, 0, 
5400, 255, 30, 15, 3, 0, 
5400, 217, 30, 37, 2, 0, 
5400, 780, 30, 15, 1, 0, 
5400, 975, 30, 15, 3, 0, 
5400, 787, 30, 187, 2, 0, 
5430, 90, 30, 15, 1, 0, 
5430, 105, 30, 15, 3, 0, 
5430, 97, 30, 7, 2, 0, 
5430, 210, 30, 15, 1, 0, 
5430, 255, 30, 15, 3, 0, 
5430, 217, 30, 37, 2, 0, 
5430, 780, 30, 15, 1, 0, 
5430, 975, 30, 15, 3, 0, 
5430, 787, 30, 187, 2, 0, 
5460, 90, 30, 15, 1, 0, 
5460, 105, 30, 15, 3, 0, 
5460, 97, 30, 7, 2, 0, 
5460, 210, 30, 15, 1, 0, 
5460, 255, 30, 15, 3, 0, 
5460, 217, 30, 37, 2, 0, 
5460, 780, 30, 15, 1, 0, 
5460, 975, 30, 15, 3, 0, 
5460, 787, 30, 187, 2, 0, 
5490, 90, 30, 15, 1, 0, 
5490, 105, 30, 15, 3, 0, 
5490, 97, 30, 7, 2, 0, 
5490, 210, 30, 15, 1, 0, 
5490, 255, 30, 15, 3, 0, 
5490, 217, 30, 37, 2, 0, 
5490, 780, 30, 15, 1, 0, 
5490, 975, 30, 15, 3, 0, 
5490, 787, 30, 187, 2, 0, 
5520, 90, 30, 15, 1, 0, 
5520, 105, 30, 15, 3, 0, 
5520, 97, 30, 7, 2, 0, 
5520, 210, 30, 15, 1, 0, 
5520, 255, 30, 15, 3, 0, 
5520, 217, 30, 37, 2, 0, 
5520, 780, 30, 15, 1, 0, 
5520, 975, 30, 15, 3, 0, 
5520, 787, 30, 187, 2, 0, 
5550, 90, 30, 15, 1, 0, 
5550, 105, 30, 15, 3, 0, 
5550, 97, 30, 7, 2, 0, 
5550, 210, 30, 15, 1, 0, 
5550, 255, 30, 15, 3, 0, 
5550, 217, 30, 37, 2, 0, 
5550, 780, 30, 15, 1, 0, 
5550, 975, 30, 15, 3, 0, 
5550, 787, 30, 187, 2, 0, 
5580, 90, 30, 15, 1, 0, 
5580, 105, 30, 15, 3, 0, 
5580, 97, 30, 7, 2, 0, 
5580, 210, 30, 15, 1, 0, 
5580, 255, 30, 15, 3, 0, 
5580, 217, 30, 37, 2, 0, 
5580, 780, 30, 15, 1, 0, 
5580, 975, 30, 15, 3, 0, 
5580, 787, 30, 187, 2, 0, 
5610, 90, 30, 15, 1, 0, 
5610, 105, 30, 15, 3, 0, 
5610, 97, 30, 7, 2, 0, 
5610, 210, 30, 15, 1, 0, 
5610, 255, 30, 15, 3, 0, 
5610, 217, 30, 37, 2, 0, 
5610, 780, 30, 15, 1, 0, 
5610, 975, 30, 15, 3, 0, 
5610, 787, 30, 187, 2, 0, 
5640, 90, 30, 15, 1, 0, 
5640, 105, 30, 15, 3, 0, 
5640, 97, 30, 7, 2, 0, 
5640, 210, 30, 15, 1, 0, 
5640, 255, 30, 15, 3, 0, 
5640, 217, 30, 37, 2, 0, 
5640, 780, 30, 15, 1, 0, 
5640, 975, 30, 15, 3, 0, 
5640, 787, 30, 187, 2, 0, 
5670, 90, 30, 15, 1, 0, 
5670, 105, 30, 15, 3, 0, 
5670, 97, 30, 7, 2, 0, 
5670, 210, 30, 15, 1, 0, 
5670, 255, 30, 15, 3, 0, 
5670, 217, 30, 37, 2, 0, 
5670, 780, 30, 15, 1, 0, 
5670, 975, 30, 15, 3, 0, 
5670, 787, 30, 187, 2, 0, 
5700, 90, 30, 15, 1, 0, 
5700, 105, 30, 15, 3, 0, 
5700, 97, 30, 7, 2, 0, 
5700, 210, 30, 15, 1, 0, 
5700, 255, 30, 15, 3, 0, 
5700, 217, 30, 37, 2, 0, 
5700, 780, 30, 15, 1, 0, 
5700, 975, 30, 15, 3, 0, 
5700, 787, 30, 187, 2, 0, 
5730, 90, 30, 15, 1, 0, 
5730, 105, 30, 15, 3, 0, 
5730, 97, 30, 7, 2, 0, 
5730, 210, 30, 15, 1, 0, 
5730, 255, 30, 15, 3, 0, 
5730, 217, 30, 37, 2, 0, 
5730, 780, 30, 15, 1, 0, 
5730, 975, 30, 15, 3, 0, 
5730, 787, 30, 187, 2, 0, 
5760, 90, 30, 15, 1, 0, 
5760, 105, 30, 15, 3, 0, 
5760, 97, 30, 7, 2, 0, 
5760, 780, 30, 15, 1, 0, 
5760, 975, 30, 15, 3, 0, 
5760, 787, 30, 187, 2, 0, 
5790, 90, 30, 15, 1, 0, 
5790, 105, 30, 15, 3, 0, 
5790, 97, 30, 7, 2, 0, 
5790, 780, 30, 15, 1, 0, 
5790, 975, 30, 15, 3, 0, 
5790, 787, 30, 187, 2, 0, 
5820, 90, 30, 15, 1, 0, 
5820, 105, 30, 15, 3, 0, 
5820, 97, 30, 7, 2, 0, 
5820, 780, 30, 15, 1, 0, 
5820, 975, 30, 15, 3, 0, 
5820, 787, 30, 187, 2, 0, 
5850, 90, 30, 15, 1, 0, 
5850, 105, 30, 15, 3, 0, 
5850, 97, 30, 7, 2, 0, 
5850, 780, 30, 15, 1, 0, 
5850, 975, 30, 15, 3, 0, 
5850, 787, 30, 187, 2, 0, 
5880, 90, 30, 15, 1, 0, 
5880, 105, 30, 15, 3, 0, 
5880, 97, 30, 7, 2, 0, 
5880, 780, 30, 15, 1, 0, 
5880, 975, 30, 15, 3, 0, 
5880, 787, 30, 187, 2, 0, 
5910, 90, 30, 15, 1, 0, 
5910, 105, 30, 15, 3, 0, 
5910, 97, 30, 7, 2, 0, 
5910, 420, 30, 15, 1, 0, 
5910, 465, 30, 15, 3, 0, 
5910, 427, 30, 37, 2, 0, 
5910, 780, 30, 15, 1, 0, 
5910, 975, 30, 15, 3, 0, 
5910, 787, 30, 187, 2, 0, 
5940, 90, 30, 15, 1, 0, 
5940, 105, 30, 15, 3, 0, 
5940, 97, 30, 7, 2, 0, 
5940, 420, 30, 15, 1, 0, 
5940, 465, 30, 15, 3, 0, 
5940, 427, 30, 37, 2, 0, 
5940, 780, 30, 15, 1, 0, 
5940, 975, 30, 15, 3, 0, 
5940, 787, 30, 187, 2, 0, 
5970, 90, 30, 15, 1, 0, 
5970, 105, 30, 15, 3, 0, 
5970, 97, 30, 7, 2, 0, 
5970, 420, 30, 15, 1, 0, 
5970, 465, 30, 15, 3, 0, 
5970, 427, 30, 37, 2, 0, 
5970, 780, 30, 15, 1, 0, 
5970, 975, 30, 15, 3, 0, 
5970, 787, 30, 187, 2, 0, 
6000, 90, 30, 15, 1, 0, 
6000, 105, 30, 15, 3, 0, 
6000, 97, 30, 7, 2, 0, 
6000, 420, 30, 15, 1, 0, 
6000, 465, 30, 15, 3, 0, 
6000, 427, 30, 37, 2, 0, 
6000, 780, 30, 15, 1, 0, 
6000, 975, 30, 15, 3, 0, 
6000, 787, 30, 187, 2, 0, 
6030, 90, 30, 15, 1, 0, 
6030, 105, 30, 15, 3, 0, 
6030, 97, 30, 7, 2, 0, 
6030, 420, 30, 15, 1, 0, 
6030, 465, 30, 15, 3, 0, 
6030, 427, 30, 37, 2, 0, 
6030, 780, 30, 15, 1, 0, 
6030, 975, 30, 15, 3, 0, 
6030, 787, 30, 187, 2, 0, 
6060, 90, 30, 15, 1, 0, 
6060, 105, 30, 15, 3, 0, 
6060, 97, 30, 7, 2, 0, 
6060, 420, 30, 15, 1, 0, 
6060, 465, 30, 15, 3, 0, 
6060, 427, 30, 37, 2, 0, 
6060, 780, 30, 15, 1, 0, 
6060, 975, 30, 15, 3, 0, 
6060, 787, 30, 187, 2, 0, 
6090, 90, 30, 15, 1, 0, 
6090, 105, 30, 15, 3, 0, 
6090, 97, 30, 7, 2, 0, 
6090, 420, 30, 15, 1, 0, 
6090, 465, 30, 15, 3, 0, 
6090, 427, 30, 37, 2, 0, 
6090, 780, 30, 15, 1, 0, 
6090, 975, 30, 15, 3, 0, 
6090, 787, 30, 187, 2, 0, 
6120, 90, 30, 15, 1, 0, 
6120, 105, 30, 15, 3, 0, 
6120, 97, 30, 7, 2, 0, 
6120, 420, 30, 15, 1, 0, 
6120, 465, 30, 15, 3, 0, 
6120, 427, 30, 37, 2, 0, 
6120, 780, 30, 15, 1, 0, 
6120, 975, 30, 15, 3, 0, 
6120, 787, 30, 187, 2, 0, 
6150, 90, 30, 15, 1, 0, 
6150, 105, 30, 15, 3, 0, 
6150, 97, 30, 7, 2, 0, 
6150, 420, 30, 15, 1, 0, 
6150, 465, 30, 15, 3, 0, 
6150, 427, 30, 37, 2, 0, 
6150, 570, 30, 15, 1, 0, 
6150, 615, 30, 15, 3, 0, 
6150, 577, 30, 37, 2, 0, 
6150, 780, 30, 15, 1, 0, 
6150, 975, 30, 15, 3, 0, 
6150, 787, 30, 187, 2, 0, 
6180, 90, 30, 15, 1, 0, 
6180, 105, 30, 15, 3, 0, 
6180, 97, 30, 7, 2, 0, 
6180, 420, 30, 15, 1, 0, 
6180, 465, 30, 15, 3, 0, 
6180, 427, 30, 37, 2, 0, 
6180, 570, 30, 15, 1, 0, 
6180, 615, 30, 15, 3, 0, 
6180, 577, 30, 37, 2, 0, 
6180, 780, 30, 15, 1, 0, 
6180, 975, 30, 15, 3, 0, 
6180, 787, 30, 187, 2, 0, 
6210, 90, 30, 15, 1, 0, 
6210, 105, 30, 15, 3, 0, 
6210, 97, 30, 7, 2, 0, 
6210, 420, 30, 15, 1, 0, 
6210, 465, 30, 15, 3, 0, 
6210, 427, 30, 37, 2, 0, 
6210, 570, 30, 15, 1, 0, 
6210, 615, 30, 15, 3, 0, 
6210, 577, 30, 37, 2, 0, 
6210, 780, 30, 15, 1, 0, 
6210, 975, 30, 15, 3, 0, 
6210, 787, 30, 187, 2, 0, 
6240, 90, 30, 15, 1, 0, 
6240, 105, 30, 15, 3, 0, 
6240, 97, 30, 7, 2, 0, 
6240, 420, 30, 15, 1, 0, 
6240, 465, 30, 15, 3, 0, 
6240, 427, 30, 37, 2, 0, 
6240, 570, 30, 15, 1, 0, 
6240, 615, 30, 15, 3, 0, 
6240, 577, 30, 37, 2, 0, 
6240, 780, 30, 15, 1, 0, 
6240, 975, 30, 15, 3, 0, 
6240, 787, 30, 187, 2, 0, 
6270, 90, 30, 15, 1, 0, 
6270, 105, 30, 15, 3, 0, 
6270, 97, 30, 7, 2, 0, 
6270, 420, 30, 15, 1, 0, 
6270, 465, 30, 15, 3, 0, 
6270, 427, 30, 37, 2, 0, 
6270, 570, 30, 15, 1, 0, 
6270, 615, 30, 15, 3, 0, 
6270, 577, 30, 37, 2, 0, 
6270, 780, 30, 15, 1, 0, 
6270, 975, 30, 15, 3, 0, 
6270, 787, 30, 187, 2, 0, 
6300, 90, 30, 15, 1, 0, 
6300, 105, 30, 15, 3, 0, 
6300, 97, 30, 7, 2, 0, 
6300, 420, 30, 15, 1, 0, 
6300, 465, 30, 15, 3, 0, 
6300, 427, 30, 37, 2, 0, 
6300, 570, 30, 15, 1, 0, 
6300, 615, 30, 15, 3, 0, 
6300, 577, 30, 37, 2, 0, 
6300, 780, 30, 15, 1, 0, 
6300, 975, 30, 15, 3, 0, 
6300, 787, 30, 187, 2, 0, 
6330, 90, 30, 15, 1, 0, 
6330, 105, 30, 15, 3, 0, 
6330, 97, 30, 7, 2, 0, 
6330, 420, 30, 15, 1, 0, 
6330, 465, 30, 15, 3, 0, 
6330, 427, 30, 37, 2, 0, 
6330, 570, 30, 15, 1, 0, 
6330, 615, 30, 15, 3, 0, 
6330, 577, 30, 37, 2, 0, 
6330, 780, 30, 15, 1, 0, 
6330, 975, 30, 15, 3, 0, 
6330, 787, 30, 187, 2, 0, 
6360, 90, 30, 15, 1, 0, 
6360, 105, 30, 15, 3, 0, 
6360, 97, 30, 7, 2, 0, 
6360, 420, 30, 15, 1, 0, 
6360, 465, 30, 15, 3, 0, 
6360, 427, 30, 37, 2, 0, 
6360, 570, 30, 15, 1, 0, 
6360, 615, 30, 15, 3, 0, 
6360, 577, 30, 37, 2, 0, 
6360, 780, 30, 15, 1, 0, 
6360, 975, 30, 15, 3, 0, 
6360, 787, 30, 187, 2, 0, 
6390, 90, 30, 15, 1, 0, 
6390, 105, 30, 15, 3, 0, 
6390, 97, 30, 7, 2, 0, 
6390, 450, 30, 15, 1, 0, 
6390, 465, 30, 15, 3, 0, 
6390, 457, 30, 7, 2, 0, 
6390, 570, 30, 15, 1, 0, 
6390, 975, 30, 15, 3, 0, 
6390, 577, 30, 397, 2, 0, 
6420, 90, 30, 15, 1, 0, 
6420, 975, 30, 15, 3, 0, 
6420, 97, 30, 877, 2, 0, 
6450, 780, 30, 15, 1, 0, 
6450, 975, 30, 15, 3, 0, 
6450, 787, 30, 187, 2, 0, 
6480, 780, 30, 15, 1, 0, 
6480, 975, 30, 15, 3, 0, 
6480, 787, 30, 187, 2, 0, 
6510, 780, 30, 15, 1, 0, 
6510, 975, 30, 15, 3, 0, 
6510, 787, 30, 187, 2, 0, 
6540, 780, 30, 15, 1, 0, 
6540, 975, 30, 15, 3, 0, 
6540, 787, 30, 187, 2, 0, 
6570, 780, 30, 15, 1, 0, 
6570, 975, 30, 15, 3, 0, 
6570, 787, 30, 187, 2, 0, 
